/*--------------------------------*- C++ -*----------------------------------*\
| =========                 |                                                 |
| \\      /  F ield         | OpenFOAM: The Open Source CFD Toolbox           |
|  \\    /   O peration     | Version:  2406                                  |
|   \\  /    A nd           | Website:  www.openfoam.com                      |
|    \\/     M anipulation  |                                                 |
\*---------------------------------------------------------------------------*/
FoamFile
{
    version     2.0;
    format      ascii;
    arch        "LSB;label=32;scalar=64";
    class       volTensorField;
    location    "30/fluidRegion";
    object      KdTotU;
}
// * * * * * * * * * * * * * * * * * * * * * * * * * * * * * * * * * * * * * //

dimensions      [1 -2 -2 0 0 0 0];

internalField   nonuniform List<tensor> 
75
(
(539.428 0 0 0 539.428 0 0 0 539.428)
(539.428 0 0 0 539.428 0 0 0 539.428)
(539.428 0 0 0 539.428 0 0 0 539.428)
(539.428 0 0 0 539.428 0 0 0 539.428)
(539.428 0 0 0 539.428 0 0 0 539.428)
(538.866 0 0 0 538.866 0 0 0 538.866)
(566.261 0 0 0 566.261 0 0 0 566.261)
(697.802 0 0 0 697.802 0 0 0 697.802)
(910.892 0 0 0 910.892 0 0 0 910.892)
(1187.38 0 0 0 1187.38 0 0 0 1187.38)
(1534.37 0 0 0 1534.37 0 0 0 1534.37)
(2064.75 0 0 0 2064.75 0 0 0 2064.75)
(2722.49 0 0 0 2722.49 0 0 0 2722.49)
(3386.71 0 0 0 3386.71 0 0 0 3386.71)
(4019.34 0 0 0 4019.34 0 0 0 4019.34)
(4618.52 0 0 0 4618.52 0 0 0 4618.52)
(5186.11 0 0 0 5186.11 0 0 0 5186.11)
(5724.69 0 0 0 5724.69 0 0 0 5724.69)
(6236.6 0 0 0 6236.6 0 0 0 6236.6)
(6724.01 0 0 0 6724.01 0 0 0 6724.01)
(7188.63 0 0 0 7188.63 0 0 0 7188.63)
(7631.77 0 0 0 7631.77 0 0 0 7631.77)
(8054.74 0 0 0 8054.74 0 0 0 8054.74)
(8576.09 0 0 0 8576.09 0 0 0 8576.09)
(9206.12 0 0 0 9206.12 0 0 0 9206.12)
(9807.42 0 0 0 9807.42 0 0 0 9807.42)
(10382.7 0 0 0 10382.7 0 0 0 10382.7)
(10935.2 0 0 0 10935.2 0 0 0 10935.2)
(11466.4 0 0 0 11466.4 0 0 0 11466.4)
(11977.7 0 0 0 11977.7 0 0 0 11977.7)
(12469.7 0 0 0 12469.7 0 0 0 12469.7)
(12943.2 0 0 0 12943.2 0 0 0 12943.2)
(13398.8 0 0 0 13398.8 0 0 0 13398.8)
(13837.3 0 0 0 13837.3 0 0 0 13837.3)
(14259.3 0 0 0 14259.3 0 0 0 14259.3)
(14665.2 0 0 0 14665.2 0 0 0 14665.2)
(15055.6 0 0 0 15055.6 0 0 0 15055.6)
(15431 0 0 0 15431 0 0 0 15431)
(15791.6 0 0 0 15791.6 0 0 0 15791.6)
(16138 0 0 0 16138 0 0 0 16138)
(16470.7 0 0 0 16470.7 0 0 0 16470.7)
(16789.9 0 0 0 16789.9 0 0 0 16789.9)
(17096.1 0 0 0 17096.1 0 0 0 17096.1)
(17389.7 0 0 0 17389.7 0 0 0 17389.7)
(17671.1 0 0 0 17671.1 0 0 0 17671.1)
(17940.7 0 0 0 17940.7 0 0 0 17940.7)
(18198.8 0 0 0 18198.8 0 0 0 18198.8)
(18446.1 0 0 0 18446.1 0 0 0 18446.1)
(18682.6 0 0 0 18682.6 0 0 0 18682.6)
(18908.6 0 0 0 18908.6 0 0 0 18908.6)
(19124.3 0 0 0 19124.3 0 0 0 19124.3)
(19330.1 0 0 0 19330.1 0 0 0 19330.1)
(19526.2 0 0 0 19526.2 0 0 0 19526.2)
(19712.9 0 0 0 19712.9 0 0 0 19712.9)
(19890.4 0 0 0 19890.4 0 0 0 19890.4)
(20059 0 0 0 20059 0 0 0 20059)
(20218.9 0 0 0 20218.9 0 0 0 20218.9)
(20370.3 0 0 0 20370.3 0 0 0 20370.3)
(20513.5 0 0 0 20513.5 0 0 0 20513.5)
(20648.5 0 0 0 20648.5 0 0 0 20648.5)
(20775.8 0 0 0 20775.8 0 0 0 20775.8)
(20895.3 0 0 0 20895.3 0 0 0 20895.3)
(21007.2 0 0 0 21007.2 0 0 0 21007.2)
(21111.8 0 0 0 21111.8 0 0 0 21111.8)
(21209.1 0 0 0 21209.1 0 0 0 21209.1)
(21299.3 0 0 0 21299.3 0 0 0 21299.3)
(21382.5 0 0 0 21382.5 0 0 0 21382.5)
(21458.8 0 0 0 21458.8 0 0 0 21458.8)
(21528.3 0 0 0 21528.3 0 0 0 21528.3)
(21591.1 0 0 0 21591.1 0 0 0 21591.1)
(21647.2 0 0 0 21647.2 0 0 0 21647.2)
(21696.5 0 0 0 21696.5 0 0 0 21696.5)
(21741.2 0 0 0 21741.2 0 0 0 21741.2)
(21773.6 0 0 0 21773.6 0 0 0 21773.6)
(21815.9 0 0 0 21815.9 0 0 0 21815.9)
)
;

boundaryField
{
    inlet
    {
        type            zeroGradient;
    }
    outlet
    {
        type            zeroGradient;
    }
    fixedWalls
    {
        type            zeroGradient;
    }
}


// ************************************************************************* //
