/*--------------------------------*- C++ -*----------------------------------*\
| =========                 |                                                 |
| \\      /  F ield         | OpenFOAM: The Open Source CFD Toolbox           |
|  \\    /   O peration     | Version:  2406                                  |
|   \\  /    A nd           | Website:  www.openfoam.com                      |
|    \\/     M anipulation  |                                                 |
\*---------------------------------------------------------------------------*/
FoamFile
{
    version     2.0;
    format      ascii;
    arch        "LSB;label=32;scalar=64";
    class       volScalarField;
    location    "30/fluidRegion";
    object      p;
}
// * * * * * * * * * * * * * * * * * * * * * * * * * * * * * * * * * * * * * //

dimensions      [1 -1 -2 0 0 0 0];

internalField   nonuniform List<scalar> 
75
(
7.24759e+06
7.24757e+06
7.24755e+06
7.24753e+06
7.24751e+06
7.24748e+06
7.24746e+06
7.24742e+06
7.24736e+06
7.24727e+06
7.24714e+06
7.24699e+06
7.24677e+06
7.2465e+06
7.24621e+06
7.24589e+06
7.24555e+06
7.24519e+06
7.24481e+06
7.24442e+06
7.244e+06
7.24357e+06
7.24312e+06
7.24265e+06
7.24216e+06
7.24165e+06
7.24112e+06
7.24056e+06
7.23998e+06
7.23938e+06
7.23876e+06
7.23811e+06
7.23745e+06
7.23678e+06
7.23608e+06
7.23537e+06
7.23464e+06
7.2339e+06
7.23314e+06
7.23237e+06
7.23159e+06
7.23079e+06
7.22998e+06
7.22916e+06
7.22833e+06
7.22749e+06
7.22664e+06
7.22578e+06
7.22491e+06
7.22403e+06
7.22314e+06
7.22225e+06
7.22135e+06
7.22044e+06
7.21953e+06
7.21861e+06
7.21769e+06
7.21676e+06
7.21582e+06
7.21488e+06
7.21394e+06
7.21299e+06
7.21204e+06
7.21109e+06
7.21014e+06
7.20918e+06
7.20822e+06
7.20725e+06
7.20629e+06
7.20532e+06
7.20436e+06
7.20339e+06
7.20242e+06
7.20146e+06
7.20049e+06
)
;

boundaryField
{
    inlet
    {
        type            calculated;
        value           uniform 7.2476e+06;
    }
    outlet
    {
        type            calculated;
        value           uniform 7.2e+06;
    }
    fixedWalls
    {
        type            calculated;
        value           nonuniform List<scalar> 
300
(
7.24759e+06
7.24757e+06
7.24755e+06
7.24753e+06
7.24751e+06
7.24748e+06
7.24746e+06
7.24742e+06
7.24736e+06
7.24727e+06
7.24714e+06
7.24699e+06
7.24677e+06
7.2465e+06
7.24621e+06
7.24589e+06
7.24555e+06
7.24519e+06
7.24481e+06
7.24442e+06
7.244e+06
7.24357e+06
7.24312e+06
7.24265e+06
7.24216e+06
7.24165e+06
7.24112e+06
7.24056e+06
7.23998e+06
7.23938e+06
7.23876e+06
7.23811e+06
7.23745e+06
7.23678e+06
7.23608e+06
7.23537e+06
7.23464e+06
7.2339e+06
7.23314e+06
7.23237e+06
7.23159e+06
7.23079e+06
7.22998e+06
7.22916e+06
7.22833e+06
7.22749e+06
7.22664e+06
7.22578e+06
7.22491e+06
7.22403e+06
7.22314e+06
7.22225e+06
7.22135e+06
7.22044e+06
7.21953e+06
7.21861e+06
7.21769e+06
7.21676e+06
7.21582e+06
7.21488e+06
7.21394e+06
7.21299e+06
7.21204e+06
7.21109e+06
7.21014e+06
7.20918e+06
7.20822e+06
7.20725e+06
7.20629e+06
7.20532e+06
7.20436e+06
7.20339e+06
7.20242e+06
7.20146e+06
7.20049e+06
7.24759e+06
7.24757e+06
7.24755e+06
7.24753e+06
7.24751e+06
7.24748e+06
7.24746e+06
7.24742e+06
7.24736e+06
7.24727e+06
7.24714e+06
7.24699e+06
7.24677e+06
7.2465e+06
7.24621e+06
7.24589e+06
7.24555e+06
7.24519e+06
7.24481e+06
7.24442e+06
7.244e+06
7.24357e+06
7.24312e+06
7.24265e+06
7.24216e+06
7.24165e+06
7.24112e+06
7.24056e+06
7.23998e+06
7.23938e+06
7.23876e+06
7.23811e+06
7.23745e+06
7.23678e+06
7.23608e+06
7.23537e+06
7.23464e+06
7.2339e+06
7.23314e+06
7.23237e+06
7.23159e+06
7.23079e+06
7.22998e+06
7.22916e+06
7.22833e+06
7.22749e+06
7.22664e+06
7.22578e+06
7.22491e+06
7.22403e+06
7.22314e+06
7.22225e+06
7.22135e+06
7.22044e+06
7.21953e+06
7.21861e+06
7.21769e+06
7.21676e+06
7.21582e+06
7.21488e+06
7.21394e+06
7.21299e+06
7.21204e+06
7.21109e+06
7.21014e+06
7.20918e+06
7.20822e+06
7.20725e+06
7.20629e+06
7.20532e+06
7.20436e+06
7.20339e+06
7.20242e+06
7.20146e+06
7.20049e+06
7.24759e+06
7.24757e+06
7.24755e+06
7.24753e+06
7.24751e+06
7.24748e+06
7.24746e+06
7.24742e+06
7.24736e+06
7.24727e+06
7.24714e+06
7.24699e+06
7.24677e+06
7.2465e+06
7.24621e+06
7.24589e+06
7.24555e+06
7.24519e+06
7.24481e+06
7.24442e+06
7.244e+06
7.24357e+06
7.24312e+06
7.24265e+06
7.24216e+06
7.24165e+06
7.24112e+06
7.24056e+06
7.23998e+06
7.23938e+06
7.23876e+06
7.23811e+06
7.23745e+06
7.23678e+06
7.23608e+06
7.23537e+06
7.23464e+06
7.2339e+06
7.23314e+06
7.23237e+06
7.23159e+06
7.23079e+06
7.22998e+06
7.22916e+06
7.22833e+06
7.22749e+06
7.22664e+06
7.22578e+06
7.22491e+06
7.22403e+06
7.22314e+06
7.22225e+06
7.22135e+06
7.22044e+06
7.21953e+06
7.21861e+06
7.21769e+06
7.21676e+06
7.21582e+06
7.21488e+06
7.21394e+06
7.21299e+06
7.21204e+06
7.21109e+06
7.21014e+06
7.20918e+06
7.20822e+06
7.20725e+06
7.20629e+06
7.20532e+06
7.20436e+06
7.20339e+06
7.20242e+06
7.20146e+06
7.20049e+06
7.24759e+06
7.24757e+06
7.24755e+06
7.24753e+06
7.24751e+06
7.24748e+06
7.24746e+06
7.24742e+06
7.24736e+06
7.24727e+06
7.24714e+06
7.24699e+06
7.24677e+06
7.2465e+06
7.24621e+06
7.24589e+06
7.24555e+06
7.24519e+06
7.24481e+06
7.24442e+06
7.244e+06
7.24357e+06
7.24312e+06
7.24265e+06
7.24216e+06
7.24165e+06
7.24112e+06
7.24056e+06
7.23998e+06
7.23938e+06
7.23876e+06
7.23811e+06
7.23745e+06
7.23678e+06
7.23608e+06
7.23537e+06
7.23464e+06
7.2339e+06
7.23314e+06
7.23237e+06
7.23159e+06
7.23079e+06
7.22998e+06
7.22916e+06
7.22833e+06
7.22749e+06
7.22664e+06
7.22578e+06
7.22491e+06
7.22403e+06
7.22314e+06
7.22225e+06
7.22135e+06
7.22044e+06
7.21953e+06
7.21861e+06
7.21769e+06
7.21676e+06
7.21582e+06
7.21488e+06
7.21394e+06
7.21299e+06
7.21204e+06
7.21109e+06
7.21014e+06
7.20918e+06
7.20822e+06
7.20725e+06
7.20629e+06
7.20532e+06
7.20436e+06
7.20339e+06
7.20242e+06
7.20146e+06
7.20049e+06
)
;
    }
}


// ************************************************************************* //
