/*--------------------------------*- C++ -*----------------------------------*\
| =========                 |                                                 |
| \\      /  F ield         | OpenFOAM: The Open Source CFD Toolbox           |
|  \\    /   O peration     | Version:  2406                                  |
|   \\  /    A nd           | Website:  www.openfoam.com                      |
|    \\/     M anipulation  |                                                 |
\*---------------------------------------------------------------------------*/
FoamFile
{
    version     2.0;
    format      ascii;
    arch        "LSB;label=32;scalar=64";
    class       volTensorField;
    location    "30/fluidRegion";
    object      KdTotU;
}
// * * * * * * * * * * * * * * * * * * * * * * * * * * * * * * * * * * * * * //

dimensions      [1 -2 -2 0 0 0 0];

internalField   nonuniform List<tensor> 
75
(
(539.428 0 0 0 539.428 0 0 0 539.428)
(539.428 0 0 0 539.428 0 0 0 539.428)
(539.428 0 0 0 539.428 0 0 0 539.428)
(539.428 0 0 0 539.428 0 0 0 539.428)
(539.428 0 0 0 539.428 0 0 0 539.428)
(539.402 0 0 0 539.402 0 0 0 539.402)
(539.369 0 0 0 539.369 0 0 0 539.369)
(539.329 0 0 0 539.329 0 0 0 539.329)
(539.282 0 0 0 539.282 0 0 0 539.282)
(539.228 0 0 0 539.228 0 0 0 539.228)
(539.168 0 0 0 539.168 0 0 0 539.168)
(539.103 0 0 0 539.103 0 0 0 539.103)
(539.033 0 0 0 539.033 0 0 0 539.033)
(538.959 0 0 0 538.959 0 0 0 538.959)
(538.882 0 0 0 538.882 0 0 0 538.882)
(538.804 0 0 0 538.804 0 0 0 538.804)
(538.725 0 0 0 538.725 0 0 0 538.725)
(538.645 0 0 0 538.645 0 0 0 538.645)
(538.568 0 0 0 538.568 0 0 0 538.568)
(538.492 0 0 0 538.492 0 0 0 538.492)
(538.421 0 0 0 538.421 0 0 0 538.421)
(538.353 0 0 0 538.353 0 0 0 538.353)
(538.292 0 0 0 538.292 0 0 0 538.292)
(538.237 0 0 0 538.237 0 0 0 538.237)
(538.189 0 0 0 538.189 0 0 0 538.189)
(538.15 0 0 0 538.15 0 0 0 538.15)
(538.12 0 0 0 538.12 0 0 0 538.12)
(538.1 0 0 0 538.1 0 0 0 538.1)
(538.091 0 0 0 538.091 0 0 0 538.091)
(538.093 0 0 0 538.093 0 0 0 538.093)
(538.106 0 0 0 538.106 0 0 0 538.106)
(538.132 0 0 0 538.132 0 0 0 538.132)
(538.169 0 0 0 538.169 0 0 0 538.169)
(538.219 0 0 0 538.219 0 0 0 538.219)
(538.281 0 0 0 538.281 0 0 0 538.281)
(538.346 0 0 0 538.346 0 0 0 538.346)
(549.61 0 0 0 549.61 0 0 0 549.61)
(568.37 0 0 0 568.37 0 0 0 568.37)
(592.604 0 0 0 592.604 0 0 0 592.604)
(621.628 0 0 0 621.628 0 0 0 621.628)
(654.977 0 0 0 654.977 0 0 0 654.977)
(692.399 0 0 0 692.399 0 0 0 692.399)
(733.742 0 0 0 733.742 0 0 0 733.742)
(778.9 0 0 0 778.9 0 0 0 778.9)
(827.764 0 0 0 827.764 0 0 0 827.764)
(880.162 0 0 0 880.162 0 0 0 880.162)
(935.759 0 0 0 935.759 0 0 0 935.759)
(993.771 0 0 0 993.771 0 0 0 993.771)
(1053.08 0 0 0 1053.08 0 0 0 1053.08)
(1113.5 0 0 0 1113.5 0 0 0 1113.5)
(1175.05 0 0 0 1175.05 0 0 0 1175.05)
(1237.61 0 0 0 1237.61 0 0 0 1237.61)
(1300.96 0 0 0 1300.96 0 0 0 1300.96)
(1364.76 0 0 0 1364.76 0 0 0 1364.76)
(1428.61 0 0 0 1428.61 0 0 0 1428.61)
(1491.56 0 0 0 1491.56 0 0 0 1491.56)
(1552.88 0 0 0 1552.88 0 0 0 1552.88)
(1612.35 0 0 0 1612.35 0 0 0 1612.35)
(1669.94 0 0 0 1669.94 0 0 0 1669.94)
(1725.54 0 0 0 1725.54 0 0 0 1725.54)
(1779.01 0 0 0 1779.01 0 0 0 1779.01)
(1830.13 0 0 0 1830.13 0 0 0 1830.13)
(1877.13 0 0 0 1877.13 0 0 0 1877.13)
(1919.36 0 0 0 1919.36 0 0 0 1919.36)
(1957.33 0 0 0 1957.33 0 0 0 1957.33)
(1991.49 0 0 0 1991.49 0 0 0 1991.49)
(2022.16 0 0 0 2022.16 0 0 0 2022.16)
(2049.57 0 0 0 2049.57 0 0 0 2049.57)
(2073.9 0 0 0 2073.9 0 0 0 2073.9)
(2095.3 0 0 0 2095.3 0 0 0 2095.3)
(2113.93 0 0 0 2113.93 0 0 0 2113.93)
(2129.94 0 0 0 2129.94 0 0 0 2129.94)
(2143.5 0 0 0 2143.5 0 0 0 2143.5)
(2154.9 0 0 0 2154.9 0 0 0 2154.9)
(2164.3 0 0 0 2164.3 0 0 0 2164.3)
)
;

boundaryField
{
    inlet
    {
        type            zeroGradient;
    }
    outlet
    {
        type            zeroGradient;
    }
    fixedWalls
    {
        type            zeroGradient;
    }
}


// ************************************************************************* //
