/*--------------------------------*- C++ -*----------------------------------*\
| =========                 |                                                 |
| \\      /  F ield         | OpenFOAM: The Open Source CFD Toolbox           |
|  \\    /   O peration     | Version:  2406                                  |
|   \\  /    A nd           | Website:  www.openfoam.com                      |
|    \\/     M anipulation  |                                                 |
\*---------------------------------------------------------------------------*/
FoamFile
{
    version     2.0;
    format      ascii;
    arch        "LSB;label=32;scalar=64";
    class       volScalarField;
    location    "30/fluidRegion";
    object      p;
}
// * * * * * * * * * * * * * * * * * * * * * * * * * * * * * * * * * * * * * //

dimensions      [1 -1 -2 0 0 0 0];

internalField   nonuniform List<scalar> 
75
(
7.20365e+06
7.20363e+06
7.20361e+06
7.20359e+06
7.20357e+06
7.20354e+06
7.20352e+06
7.2035e+06
7.20347e+06
7.20345e+06
7.20343e+06
7.2034e+06
7.20338e+06
7.20335e+06
7.20333e+06
7.20331e+06
7.20328e+06
7.20326e+06
7.20323e+06
7.20321e+06
7.20319e+06
7.20316e+06
7.20314e+06
7.20311e+06
7.20309e+06
7.20306e+06
7.20304e+06
7.20302e+06
7.20299e+06
7.20297e+06
7.20294e+06
7.20292e+06
7.20289e+06
7.20287e+06
7.20284e+06
7.20282e+06
7.20279e+06
7.20277e+06
7.20274e+06
7.2027e+06
7.20267e+06
7.20263e+06
7.20259e+06
7.20255e+06
7.2025e+06
7.20245e+06
7.2024e+06
7.20235e+06
7.20229e+06
7.20223e+06
7.20216e+06
7.2021e+06
7.20203e+06
7.20196e+06
7.20188e+06
7.2018e+06
7.20172e+06
7.20164e+06
7.20156e+06
7.20147e+06
7.20138e+06
7.20129e+06
7.2012e+06
7.20111e+06
7.20101e+06
7.20092e+06
7.20082e+06
7.20073e+06
7.20063e+06
7.20053e+06
7.20044e+06
7.20034e+06
7.20024e+06
7.20015e+06
7.20005e+06
)
;

boundaryField
{
    inlet
    {
        type            calculated;
        value           uniform 7.20366e+06;
    }
    outlet
    {
        type            calculated;
        value           uniform 7.2e+06;
    }
    fixedWalls
    {
        type            calculated;
        value           nonuniform List<scalar> 
300
(
7.20365e+06
7.20363e+06
7.20361e+06
7.20359e+06
7.20357e+06
7.20354e+06
7.20352e+06
7.2035e+06
7.20347e+06
7.20345e+06
7.20343e+06
7.2034e+06
7.20338e+06
7.20335e+06
7.20333e+06
7.20331e+06
7.20328e+06
7.20326e+06
7.20323e+06
7.20321e+06
7.20319e+06
7.20316e+06
7.20314e+06
7.20311e+06
7.20309e+06
7.20306e+06
7.20304e+06
7.20302e+06
7.20299e+06
7.20297e+06
7.20294e+06
7.20292e+06
7.20289e+06
7.20287e+06
7.20284e+06
7.20282e+06
7.20279e+06
7.20277e+06
7.20274e+06
7.2027e+06
7.20267e+06
7.20263e+06
7.20259e+06
7.20255e+06
7.2025e+06
7.20245e+06
7.2024e+06
7.20235e+06
7.20229e+06
7.20223e+06
7.20216e+06
7.2021e+06
7.20203e+06
7.20196e+06
7.20188e+06
7.2018e+06
7.20172e+06
7.20164e+06
7.20156e+06
7.20147e+06
7.20138e+06
7.20129e+06
7.2012e+06
7.20111e+06
7.20101e+06
7.20092e+06
7.20082e+06
7.20073e+06
7.20063e+06
7.20053e+06
7.20044e+06
7.20034e+06
7.20024e+06
7.20015e+06
7.20005e+06
7.20365e+06
7.20363e+06
7.20361e+06
7.20359e+06
7.20357e+06
7.20354e+06
7.20352e+06
7.2035e+06
7.20347e+06
7.20345e+06
7.20343e+06
7.2034e+06
7.20338e+06
7.20335e+06
7.20333e+06
7.20331e+06
7.20328e+06
7.20326e+06
7.20323e+06
7.20321e+06
7.20319e+06
7.20316e+06
7.20314e+06
7.20311e+06
7.20309e+06
7.20306e+06
7.20304e+06
7.20302e+06
7.20299e+06
7.20297e+06
7.20294e+06
7.20292e+06
7.20289e+06
7.20287e+06
7.20284e+06
7.20282e+06
7.20279e+06
7.20277e+06
7.20274e+06
7.2027e+06
7.20267e+06
7.20263e+06
7.20259e+06
7.20255e+06
7.2025e+06
7.20245e+06
7.2024e+06
7.20235e+06
7.20229e+06
7.20223e+06
7.20216e+06
7.2021e+06
7.20203e+06
7.20196e+06
7.20188e+06
7.2018e+06
7.20172e+06
7.20164e+06
7.20156e+06
7.20147e+06
7.20138e+06
7.20129e+06
7.2012e+06
7.20111e+06
7.20101e+06
7.20092e+06
7.20082e+06
7.20073e+06
7.20063e+06
7.20053e+06
7.20044e+06
7.20034e+06
7.20024e+06
7.20015e+06
7.20005e+06
7.20365e+06
7.20363e+06
7.20361e+06
7.20359e+06
7.20357e+06
7.20354e+06
7.20352e+06
7.2035e+06
7.20347e+06
7.20345e+06
7.20343e+06
7.2034e+06
7.20338e+06
7.20335e+06
7.20333e+06
7.20331e+06
7.20328e+06
7.20326e+06
7.20323e+06
7.20321e+06
7.20319e+06
7.20316e+06
7.20314e+06
7.20311e+06
7.20309e+06
7.20306e+06
7.20304e+06
7.20302e+06
7.20299e+06
7.20297e+06
7.20294e+06
7.20292e+06
7.20289e+06
7.20287e+06
7.20284e+06
7.20282e+06
7.20279e+06
7.20277e+06
7.20274e+06
7.2027e+06
7.20267e+06
7.20263e+06
7.20259e+06
7.20255e+06
7.2025e+06
7.20245e+06
7.2024e+06
7.20235e+06
7.20229e+06
7.20223e+06
7.20216e+06
7.2021e+06
7.20203e+06
7.20196e+06
7.20188e+06
7.2018e+06
7.20172e+06
7.20164e+06
7.20156e+06
7.20147e+06
7.20138e+06
7.20129e+06
7.2012e+06
7.20111e+06
7.20101e+06
7.20092e+06
7.20082e+06
7.20073e+06
7.20063e+06
7.20053e+06
7.20044e+06
7.20034e+06
7.20024e+06
7.20015e+06
7.20005e+06
7.20365e+06
7.20363e+06
7.20361e+06
7.20359e+06
7.20357e+06
7.20354e+06
7.20352e+06
7.2035e+06
7.20347e+06
7.20345e+06
7.20343e+06
7.2034e+06
7.20338e+06
7.20335e+06
7.20333e+06
7.20331e+06
7.20328e+06
7.20326e+06
7.20323e+06
7.20321e+06
7.20319e+06
7.20316e+06
7.20314e+06
7.20311e+06
7.20309e+06
7.20306e+06
7.20304e+06
7.20302e+06
7.20299e+06
7.20297e+06
7.20294e+06
7.20292e+06
7.20289e+06
7.20287e+06
7.20284e+06
7.20282e+06
7.20279e+06
7.20277e+06
7.20274e+06
7.2027e+06
7.20267e+06
7.20263e+06
7.20259e+06
7.20255e+06
7.2025e+06
7.20245e+06
7.2024e+06
7.20235e+06
7.20229e+06
7.20223e+06
7.20216e+06
7.2021e+06
7.20203e+06
7.20196e+06
7.20188e+06
7.2018e+06
7.20172e+06
7.20164e+06
7.20156e+06
7.20147e+06
7.20138e+06
7.20129e+06
7.2012e+06
7.20111e+06
7.20101e+06
7.20092e+06
7.20082e+06
7.20073e+06
7.20063e+06
7.20053e+06
7.20044e+06
7.20034e+06
7.20024e+06
7.20015e+06
7.20005e+06
)
;
    }
}


// ************************************************************************* //
