/*--------------------------------*- C++ -*----------------------------------*\
| =========                 |                                                 |
| \\      /  F ield         | OpenFOAM: The Open Source CFD Toolbox           |
|  \\    /   O peration     | Version:  2406                                  |
|   \\  /    A nd           | Website:  www.openfoam.com                      |
|    \\/     M anipulation  |                                                 |
\*---------------------------------------------------------------------------*/
FoamFile
{
    version     2.0;
    format      ascii;
    arch        "LSB;label=32;scalar=64";
    class       volTensorField;
    location    "0.6/fluidRegion";
    object      KdTotU;
}
// * * * * * * * * * * * * * * * * * * * * * * * * * * * * * * * * * * * * * //

dimensions      [1 -2 -2 0 0 0 0];

internalField   nonuniform List<tensor> 
75
(
(0 0 0 0 0 0 0 0 0)
(0 0 0 0 0 0 0 0 0)
(0 0 0 0 0 0 0 0 0)
(0 0 0 0 0 0 0 0 0)
(0 0 0 0 0 0 0 0 0)
(1083.24 0 0 0 1083.24 0 0 0 1083.24)
(1779.82 0 0 0 1779.82 0 0 0 1779.82)
(1839.84 0 0 0 1839.84 0 0 0 1839.84)
(2166.2 0 0 0 2166.2 0 0 0 2166.2)
(2694.7 0 0 0 2694.7 0 0 0 2694.7)
(3361.39 0 0 0 3361.39 0 0 0 3361.39)
(4137.77 0 0 0 4137.77 0 0 0 4137.77)
(4965.22 0 0 0 4965.22 0 0 0 4965.22)
(5807.98 0 0 0 5807.98 0 0 0 5807.98)
(6876.17 0 0 0 6876.17 0 0 0 6876.17)
(8078.25 0 0 0 8078.25 0 0 0 8078.25)
(9266.39 0 0 0 9266.39 0 0 0 9266.39)
(10417.3 0 0 0 10417.3 0 0 0 10417.3)
(11529.9 0 0 0 11529.9 0 0 0 11529.9)
(12604.6 0 0 0 12604.6 0 0 0 12604.6)
(13641.5 0 0 0 13641.5 0 0 0 13641.5)
(14641.8 0 0 0 14641.8 0 0 0 14641.8)
(15606.8 0 0 0 15606.8 0 0 0 15606.8)
(16537.7 0 0 0 16537.7 0 0 0 16537.7)
(17435.3 0 0 0 17435.3 0 0 0 17435.3)
(18299.8 0 0 0 18299.8 0 0 0 18299.8)
(19126.3 0 0 0 19126.3 0 0 0 19126.3)
(19912.4 0 0 0 19912.4 0 0 0 19912.4)
(20661.1 0 0 0 20661.1 0 0 0 20661.1)
(21375 0 0 0 21375 0 0 0 21375)
(22056.2 0 0 0 22056.2 0 0 0 22056.2)
(22706.4 0 0 0 22706.4 0 0 0 22706.4)
(23327.7 0 0 0 23327.7 0 0 0 23327.7)
(23921.9 0 0 0 23921.9 0 0 0 23921.9)
(24490.3 0 0 0 24490.3 0 0 0 24490.3)
(25034.2 0 0 0 25034.2 0 0 0 25034.2)
(25554.6 0 0 0 25554.6 0 0 0 25554.6)
(26052.5 0 0 0 26052.5 0 0 0 26052.5)
(26528.7 0 0 0 26528.7 0 0 0 26528.7)
(27090.1 0 0 0 27090.1 0 0 0 27090.1)
(27789 0 0 0 27789 0 0 0 27789)
(28448.5 0 0 0 28448.5 0 0 0 28448.5)
(29074.5 0 0 0 29074.5 0 0 0 29074.5)
(29671.5 0 0 0 29671.5 0 0 0 29671.5)
(30242.1 0 0 0 30242.1 0 0 0 30242.1)
(30788.4 0 0 0 30788.4 0 0 0 30788.4)
(31311.8 0 0 0 31311.8 0 0 0 31311.8)
(31813.4 0 0 0 31813.4 0 0 0 31813.4)
(32294 0 0 0 32294 0 0 0 32294)
(32754.4 0 0 0 32754.4 0 0 0 32754.4)
(33195.2 0 0 0 33195.2 0 0 0 33195.2)
(33616.9 0 0 0 33616.9 0 0 0 33616.9)
(34020 0 0 0 34020 0 0 0 34020)
(34404.9 0 0 0 34404.9 0 0 0 34404.9)
(34771.9 0 0 0 34771.9 0 0 0 34771.9)
(35121.3 0 0 0 35121.3 0 0 0 35121.3)
(35453.3 0 0 0 35453.3 0 0 0 35453.3)
(35768.2 0 0 0 35768.2 0 0 0 35768.2)
(36066 0 0 0 36066 0 0 0 36066)
(36347.1 0 0 0 36347.1 0 0 0 36347.1)
(36611.5 0 0 0 36611.5 0 0 0 36611.5)
(36859.4 0 0 0 36859.4 0 0 0 36859.4)
(37091.2 0 0 0 37091.2 0 0 0 37091.2)
(37307.3 0 0 0 37307.3 0 0 0 37307.3)
(37508 0 0 0 37508 0 0 0 37508)
(37694.3 0 0 0 37694.3 0 0 0 37694.3)
(37867.2 0 0 0 37867.2 0 0 0 37867.2)
(38027.9 0 0 0 38027.9 0 0 0 38027.9)
(38178.3 0 0 0 38178.3 0 0 0 38178.3)
(38320.2 0 0 0 38320.2 0 0 0 38320.2)
(38455.8 0 0 0 38455.8 0 0 0 38455.8)
(38586.4 0 0 0 38586.4 0 0 0 38586.4)
(38712.9 0 0 0 38712.9 0 0 0 38712.9)
(38842.2 0 0 0 38842.2 0 0 0 38842.2)
(38936.8 0 0 0 38936.8 0 0 0 38936.8)
)
;

boundaryField
{
    inlet
    {
        type            zeroGradient;
    }
    outlet
    {
        type            zeroGradient;
    }
    fixedWalls
    {
        type            zeroGradient;
    }
}


// ************************************************************************* //
