/*--------------------------------*- C++ -*----------------------------------*\
| =========                 |                                                 |
| \\      /  F ield         | OpenFOAM: The Open Source CFD Toolbox           |
|  \\    /   O peration     | Version:  2406                                  |
|   \\  /    A nd           | Website:  www.openfoam.com                      |
|    \\/     M anipulation  |                                                 |
\*---------------------------------------------------------------------------*/
FoamFile
{
    version     2.0;
    format      ascii;
    arch        "LSB;label=32;scalar=64";
    class       volScalarField;
    location    "0.6/fluidRegion";
    object      p;
}
// * * * * * * * * * * * * * * * * * * * * * * * * * * * * * * * * * * * * * //

dimensions      [1 -1 -2 0 0 0 0];

internalField   nonuniform List<scalar> 
75
(
7.28707e+06
7.28707e+06
7.28707e+06
7.28707e+06
7.28707e+06
7.28706e+06
7.28514e+06
7.28445e+06
7.28434e+06
7.28414e+06
7.28387e+06
7.28353e+06
7.28312e+06
7.28267e+06
7.28217e+06
7.28156e+06
7.28089e+06
7.28017e+06
7.27941e+06
7.27861e+06
7.27777e+06
7.27689e+06
7.27598e+06
7.27504e+06
7.27407e+06
7.27306e+06
7.27202e+06
7.27096e+06
7.26987e+06
7.26875e+06
7.26762e+06
7.26646e+06
7.26528e+06
7.26407e+06
7.26285e+06
7.26161e+06
7.26035e+06
7.25907e+06
7.25778e+06
7.25646e+06
7.25513e+06
7.25377e+06
7.25239e+06
7.25099e+06
7.24957e+06
7.24813e+06
7.24667e+06
7.24519e+06
7.24369e+06
7.24217e+06
7.24064e+06
7.2391e+06
7.23754e+06
7.23597e+06
7.23438e+06
7.23278e+06
7.23118e+06
7.22955e+06
7.22792e+06
7.22628e+06
7.22463e+06
7.22297e+06
7.2213e+06
7.21962e+06
7.21793e+06
7.21624e+06
7.21454e+06
7.21283e+06
7.21112e+06
7.2094e+06
7.20768e+06
7.20597e+06
7.20426e+06
7.20255e+06
7.20085e+06
)
;

boundaryField
{
    inlet
    {
        type            calculated;
        value           uniform 7.28707e+06;
    }
    outlet
    {
        type            calculated;
        value           uniform 7.2e+06;
    }
    fixedWalls
    {
        type            calculated;
        value           nonuniform List<scalar> 
300
(
7.28707e+06
7.28707e+06
7.28707e+06
7.28707e+06
7.28707e+06
7.28706e+06
7.28514e+06
7.28445e+06
7.28434e+06
7.28414e+06
7.28387e+06
7.28353e+06
7.28312e+06
7.28267e+06
7.28217e+06
7.28156e+06
7.28089e+06
7.28017e+06
7.27941e+06
7.27861e+06
7.27777e+06
7.27689e+06
7.27598e+06
7.27504e+06
7.27407e+06
7.27306e+06
7.27202e+06
7.27096e+06
7.26987e+06
7.26875e+06
7.26762e+06
7.26646e+06
7.26528e+06
7.26407e+06
7.26285e+06
7.26161e+06
7.26035e+06
7.25907e+06
7.25778e+06
7.25646e+06
7.25513e+06
7.25377e+06
7.25239e+06
7.25099e+06
7.24957e+06
7.24813e+06
7.24667e+06
7.24519e+06
7.24369e+06
7.24217e+06
7.24064e+06
7.2391e+06
7.23754e+06
7.23597e+06
7.23438e+06
7.23278e+06
7.23118e+06
7.22955e+06
7.22792e+06
7.22628e+06
7.22463e+06
7.22297e+06
7.2213e+06
7.21962e+06
7.21793e+06
7.21624e+06
7.21454e+06
7.21283e+06
7.21112e+06
7.2094e+06
7.20768e+06
7.20597e+06
7.20426e+06
7.20255e+06
7.20085e+06
7.28707e+06
7.28707e+06
7.28707e+06
7.28707e+06
7.28707e+06
7.28706e+06
7.28514e+06
7.28445e+06
7.28434e+06
7.28414e+06
7.28387e+06
7.28353e+06
7.28312e+06
7.28267e+06
7.28217e+06
7.28156e+06
7.28089e+06
7.28017e+06
7.27941e+06
7.27861e+06
7.27777e+06
7.27689e+06
7.27598e+06
7.27504e+06
7.27407e+06
7.27306e+06
7.27202e+06
7.27096e+06
7.26987e+06
7.26875e+06
7.26762e+06
7.26646e+06
7.26528e+06
7.26407e+06
7.26285e+06
7.26161e+06
7.26035e+06
7.25907e+06
7.25778e+06
7.25646e+06
7.25513e+06
7.25377e+06
7.25239e+06
7.25099e+06
7.24957e+06
7.24813e+06
7.24667e+06
7.24519e+06
7.24369e+06
7.24217e+06
7.24064e+06
7.2391e+06
7.23754e+06
7.23597e+06
7.23438e+06
7.23278e+06
7.23118e+06
7.22955e+06
7.22792e+06
7.22628e+06
7.22463e+06
7.22297e+06
7.2213e+06
7.21962e+06
7.21793e+06
7.21624e+06
7.21454e+06
7.21283e+06
7.21112e+06
7.2094e+06
7.20768e+06
7.20597e+06
7.20426e+06
7.20255e+06
7.20085e+06
7.28707e+06
7.28707e+06
7.28707e+06
7.28707e+06
7.28707e+06
7.28706e+06
7.28514e+06
7.28445e+06
7.28434e+06
7.28414e+06
7.28387e+06
7.28353e+06
7.28312e+06
7.28267e+06
7.28217e+06
7.28156e+06
7.28089e+06
7.28017e+06
7.27941e+06
7.27861e+06
7.27777e+06
7.27689e+06
7.27598e+06
7.27504e+06
7.27407e+06
7.27306e+06
7.27202e+06
7.27096e+06
7.26987e+06
7.26875e+06
7.26762e+06
7.26646e+06
7.26528e+06
7.26407e+06
7.26285e+06
7.26161e+06
7.26035e+06
7.25907e+06
7.25778e+06
7.25646e+06
7.25513e+06
7.25377e+06
7.25239e+06
7.25099e+06
7.24957e+06
7.24813e+06
7.24667e+06
7.24519e+06
7.24369e+06
7.24217e+06
7.24064e+06
7.2391e+06
7.23754e+06
7.23597e+06
7.23438e+06
7.23278e+06
7.23118e+06
7.22955e+06
7.22792e+06
7.22628e+06
7.22463e+06
7.22297e+06
7.2213e+06
7.21962e+06
7.21793e+06
7.21624e+06
7.21454e+06
7.21283e+06
7.21112e+06
7.2094e+06
7.20768e+06
7.20597e+06
7.20426e+06
7.20255e+06
7.20085e+06
7.28707e+06
7.28707e+06
7.28707e+06
7.28707e+06
7.28707e+06
7.28706e+06
7.28514e+06
7.28445e+06
7.28434e+06
7.28414e+06
7.28387e+06
7.28353e+06
7.28312e+06
7.28267e+06
7.28217e+06
7.28156e+06
7.28089e+06
7.28017e+06
7.27941e+06
7.27861e+06
7.27777e+06
7.27689e+06
7.27598e+06
7.27504e+06
7.27407e+06
7.27306e+06
7.27202e+06
7.27096e+06
7.26987e+06
7.26875e+06
7.26762e+06
7.26646e+06
7.26528e+06
7.26407e+06
7.26285e+06
7.26161e+06
7.26035e+06
7.25907e+06
7.25778e+06
7.25646e+06
7.25513e+06
7.25377e+06
7.25239e+06
7.25099e+06
7.24957e+06
7.24813e+06
7.24667e+06
7.24519e+06
7.24369e+06
7.24217e+06
7.24064e+06
7.2391e+06
7.23754e+06
7.23597e+06
7.23438e+06
7.23278e+06
7.23118e+06
7.22955e+06
7.22792e+06
7.22628e+06
7.22463e+06
7.22297e+06
7.2213e+06
7.21962e+06
7.21793e+06
7.21624e+06
7.21454e+06
7.21283e+06
7.21112e+06
7.2094e+06
7.20768e+06
7.20597e+06
7.20426e+06
7.20255e+06
7.20085e+06
)
;
    }
}


// ************************************************************************* //
