/*--------------------------------*- C++ -*----------------------------------*\
| =========                 |                                                 |
| \\      /  F ield         | OpenFOAM: The Open Source CFD Toolbox           |
|  \\    /   O peration     | Version:  2406                                  |
|   \\  /    A nd           | Website:  www.openfoam.com                      |
|    \\/     M anipulation  |                                                 |
\*---------------------------------------------------------------------------*/
FoamFile
{
    version     2.0;
    format      ascii;
    arch        "LSB;label=32;scalar=64";
    class       volTensorField;
    location    "30/fluidRegion";
    object      KdTotU;
}
// * * * * * * * * * * * * * * * * * * * * * * * * * * * * * * * * * * * * * //

dimensions      [1 -2 -2 0 0 0 0];

internalField   nonuniform List<tensor> 
75
(
(539.428 0 0 0 539.428 0 0 0 539.428)
(539.428 0 0 0 539.428 0 0 0 539.428)
(539.428 0 0 0 539.428 0 0 0 539.428)
(539.428 0 0 0 539.428 0 0 0 539.428)
(539.428 0 0 0 539.428 0 0 0 539.428)
(539.188 0 0 0 539.188 0 0 0 539.188)
(538.897 0 0 0 538.897 0 0 0 538.897)
(538.567 0 0 0 538.567 0 0 0 538.567)
(538.219 0 0 0 538.219 0 0 0 538.219)
(573.319 0 0 0 573.319 0 0 0 573.319)
(651.797 0 0 0 651.797 0 0 0 651.797)
(763.449 0 0 0 763.449 0 0 0 763.449)
(904.003 0 0 0 904.003 0 0 0 904.003)
(1073.83 0 0 0 1073.83 0 0 0 1073.83)
(1275.39 0 0 0 1275.39 0 0 0 1275.39)
(1510.74 0 0 0 1510.74 0 0 0 1510.74)
(1780.24 0 0 0 1780.24 0 0 0 1780.24)
(2124.39 0 0 0 2124.39 0 0 0 2124.39)
(2503.58 0 0 0 2503.58 0 0 0 2503.58)
(2874.81 0 0 0 2874.81 0 0 0 2874.81)
(3231.15 0 0 0 3231.15 0 0 0 3231.15)
(3572.08 0 0 0 3572.08 0 0 0 3572.08)
(3898 0 0 0 3898 0 0 0 3898)
(4209.37 0 0 0 4209.37 0 0 0 4209.37)
(4506.74 0 0 0 4506.74 0 0 0 4506.74)
(4790.83 0 0 0 4790.83 0 0 0 4790.83)
(5061.77 0 0 0 5061.77 0 0 0 5061.77)
(5318.69 0 0 0 5318.69 0 0 0 5318.69)
(5561.67 0 0 0 5561.67 0 0 0 5561.67)
(5791.72 0 0 0 5791.72 0 0 0 5791.72)
(6009.78 0 0 0 6009.78 0 0 0 6009.78)
(6216.63 0 0 0 6216.63 0 0 0 6216.63)
(6413.03 0 0 0 6413.03 0 0 0 6413.03)
(6599.67 0 0 0 6599.67 0 0 0 6599.67)
(6777.16 0 0 0 6777.16 0 0 0 6777.16)
(6946.05 0 0 0 6946.05 0 0 0 6946.05)
(7106.84 0 0 0 7106.84 0 0 0 7106.84)
(7259.97 0 0 0 7259.97 0 0 0 7259.97)
(7405.86 0 0 0 7405.86 0 0 0 7405.86)
(7544.89 0 0 0 7544.89 0 0 0 7544.89)
(7677.39 0 0 0 7677.39 0 0 0 7677.39)
(7803.69 0 0 0 7803.69 0 0 0 7803.69)
(7924.09 0 0 0 7924.09 0 0 0 7924.09)
(8038.86 0 0 0 8038.86 0 0 0 8038.86)
(8148.26 0 0 0 8148.26 0 0 0 8148.26)
(8252.54 0 0 0 8252.54 0 0 0 8252.54)
(8351.91 0 0 0 8351.91 0 0 0 8351.91)
(8446.59 0 0 0 8446.59 0 0 0 8446.59)
(8536.77 0 0 0 8536.77 0 0 0 8536.77)
(8622.63 0 0 0 8622.63 0 0 0 8622.63)
(8708.9 0 0 0 8708.9 0 0 0 8708.9)
(8830.35 0 0 0 8830.35 0 0 0 8830.35)
(8942.74 0 0 0 8942.74 0 0 0 8942.74)
(9047.56 0 0 0 9047.56 0 0 0 9047.56)
(9145.95 0 0 0 9145.95 0 0 0 9145.95)
(9238.52 0 0 0 9238.52 0 0 0 9238.52)
(9325.74 0 0 0 9325.74 0 0 0 9325.74)
(9407.9 0 0 0 9407.9 0 0 0 9407.9)
(9485.26 0 0 0 9485.26 0 0 0 9485.26)
(9558 0 0 0 9558 0 0 0 9558)
(9626.32 0 0 0 9626.32 0 0 0 9626.32)
(9690.34 0 0 0 9690.34 0 0 0 9690.34)
(9750.2 0 0 0 9750.2 0 0 0 9750.2)
(9806.04 0 0 0 9806.04 0 0 0 9806.04)
(9857.94 0 0 0 9857.94 0 0 0 9857.94)
(9906.03 0 0 0 9906.03 0 0 0 9906.03)
(9950.38 0 0 0 9950.38 0 0 0 9950.38)
(9991.1 0 0 0 9991.1 0 0 0 9991.1)
(10028.3 0 0 0 10028.3 0 0 0 10028.3)
(10062 0 0 0 10062 0 0 0 10062)
(10092.3 0 0 0 10092.3 0 0 0 10092.3)
(10119.2 0 0 0 10119.2 0 0 0 10119.2)
(10143.1 0 0 0 10143.1 0 0 0 10143.1)
(10163 0 0 0 10163 0 0 0 10163)
(10183.3 0 0 0 10183.3 0 0 0 10183.3)
)
;

boundaryField
{
    inlet
    {
        type            zeroGradient;
    }
    outlet
    {
        type            zeroGradient;
    }
    fixedWalls
    {
        type            zeroGradient;
    }
}


// ************************************************************************* //
