/*--------------------------------*- C++ -*----------------------------------*\
| =========                 |                                                 |
| \\      /  F ield         | OpenFOAM: The Open Source CFD Toolbox           |
|  \\    /   O peration     | Version:  2406                                  |
|   \\  /    A nd           | Website:  www.openfoam.com                      |
|    \\/     M anipulation  |                                                 |
\*---------------------------------------------------------------------------*/
FoamFile
{
    version     2.0;
    format      ascii;
    arch        "LSB;label=32;scalar=64";
    class       volScalarField;
    location    "30/fluidRegion";
    object      p;
}
// * * * * * * * * * * * * * * * * * * * * * * * * * * * * * * * * * * * * * //

dimensions      [1 -1 -2 0 0 0 0];

internalField   nonuniform List<scalar> 
75
(
7.22208e+06
7.22206e+06
7.22204e+06
7.22202e+06
7.222e+06
7.22197e+06
7.22195e+06
7.22192e+06
7.2219e+06
7.22187e+06
7.22184e+06
7.22179e+06
7.22173e+06
7.22165e+06
7.22156e+06
7.22146e+06
7.22133e+06
7.22119e+06
7.22102e+06
7.22082e+06
7.22061e+06
7.22039e+06
7.22016e+06
7.21992e+06
7.21967e+06
7.2194e+06
7.21913e+06
7.21885e+06
7.21856e+06
7.21826e+06
7.21795e+06
7.21764e+06
7.21732e+06
7.21699e+06
7.21666e+06
7.21632e+06
7.21597e+06
7.21562e+06
7.21526e+06
7.2149e+06
7.21453e+06
7.21416e+06
7.21379e+06
7.21341e+06
7.21303e+06
7.21264e+06
7.21225e+06
7.21186e+06
7.21146e+06
7.21106e+06
7.21066e+06
7.21025e+06
7.20985e+06
7.20943e+06
7.20902e+06
7.2086e+06
7.20817e+06
7.20775e+06
7.20732e+06
7.20689e+06
7.20646e+06
7.20602e+06
7.20558e+06
7.20514e+06
7.2047e+06
7.20426e+06
7.20381e+06
7.20337e+06
7.20292e+06
7.20247e+06
7.20203e+06
7.20158e+06
7.20113e+06
7.20068e+06
7.20023e+06
)
;

boundaryField
{
    inlet
    {
        type            calculated;
        value           uniform 7.22209e+06;
    }
    outlet
    {
        type            calculated;
        value           uniform 7.2e+06;
    }
    fixedWalls
    {
        type            calculated;
        value           nonuniform List<scalar> 
300
(
7.22208e+06
7.22206e+06
7.22204e+06
7.22202e+06
7.222e+06
7.22197e+06
7.22195e+06
7.22192e+06
7.2219e+06
7.22187e+06
7.22184e+06
7.22179e+06
7.22173e+06
7.22165e+06
7.22156e+06
7.22146e+06
7.22133e+06
7.22119e+06
7.22102e+06
7.22082e+06
7.22061e+06
7.22039e+06
7.22016e+06
7.21992e+06
7.21967e+06
7.2194e+06
7.21913e+06
7.21885e+06
7.21856e+06
7.21826e+06
7.21795e+06
7.21764e+06
7.21732e+06
7.21699e+06
7.21666e+06
7.21632e+06
7.21597e+06
7.21562e+06
7.21526e+06
7.2149e+06
7.21453e+06
7.21416e+06
7.21379e+06
7.21341e+06
7.21303e+06
7.21264e+06
7.21225e+06
7.21186e+06
7.21146e+06
7.21106e+06
7.21066e+06
7.21025e+06
7.20985e+06
7.20943e+06
7.20902e+06
7.2086e+06
7.20817e+06
7.20775e+06
7.20732e+06
7.20689e+06
7.20646e+06
7.20602e+06
7.20558e+06
7.20514e+06
7.2047e+06
7.20426e+06
7.20381e+06
7.20337e+06
7.20292e+06
7.20247e+06
7.20203e+06
7.20158e+06
7.20113e+06
7.20068e+06
7.20023e+06
7.22208e+06
7.22206e+06
7.22204e+06
7.22202e+06
7.222e+06
7.22197e+06
7.22195e+06
7.22192e+06
7.2219e+06
7.22187e+06
7.22184e+06
7.22179e+06
7.22173e+06
7.22165e+06
7.22156e+06
7.22146e+06
7.22133e+06
7.22119e+06
7.22102e+06
7.22082e+06
7.22061e+06
7.22039e+06
7.22016e+06
7.21992e+06
7.21967e+06
7.2194e+06
7.21913e+06
7.21885e+06
7.21856e+06
7.21826e+06
7.21795e+06
7.21764e+06
7.21732e+06
7.21699e+06
7.21666e+06
7.21632e+06
7.21597e+06
7.21562e+06
7.21526e+06
7.2149e+06
7.21453e+06
7.21416e+06
7.21379e+06
7.21341e+06
7.21303e+06
7.21264e+06
7.21225e+06
7.21186e+06
7.21146e+06
7.21106e+06
7.21066e+06
7.21025e+06
7.20985e+06
7.20943e+06
7.20902e+06
7.2086e+06
7.20817e+06
7.20775e+06
7.20732e+06
7.20689e+06
7.20646e+06
7.20602e+06
7.20558e+06
7.20514e+06
7.2047e+06
7.20426e+06
7.20381e+06
7.20337e+06
7.20292e+06
7.20247e+06
7.20203e+06
7.20158e+06
7.20113e+06
7.20068e+06
7.20023e+06
7.22208e+06
7.22206e+06
7.22204e+06
7.22202e+06
7.222e+06
7.22197e+06
7.22195e+06
7.22192e+06
7.2219e+06
7.22187e+06
7.22184e+06
7.22179e+06
7.22173e+06
7.22165e+06
7.22156e+06
7.22146e+06
7.22133e+06
7.22119e+06
7.22102e+06
7.22082e+06
7.22061e+06
7.22039e+06
7.22016e+06
7.21992e+06
7.21967e+06
7.2194e+06
7.21913e+06
7.21885e+06
7.21856e+06
7.21826e+06
7.21795e+06
7.21764e+06
7.21732e+06
7.21699e+06
7.21666e+06
7.21632e+06
7.21597e+06
7.21562e+06
7.21526e+06
7.2149e+06
7.21453e+06
7.21416e+06
7.21379e+06
7.21341e+06
7.21303e+06
7.21264e+06
7.21225e+06
7.21186e+06
7.21146e+06
7.21106e+06
7.21066e+06
7.21025e+06
7.20985e+06
7.20943e+06
7.20902e+06
7.2086e+06
7.20817e+06
7.20775e+06
7.20732e+06
7.20689e+06
7.20646e+06
7.20602e+06
7.20558e+06
7.20514e+06
7.2047e+06
7.20426e+06
7.20381e+06
7.20337e+06
7.20292e+06
7.20247e+06
7.20203e+06
7.20158e+06
7.20113e+06
7.20068e+06
7.20023e+06
7.22208e+06
7.22206e+06
7.22204e+06
7.22202e+06
7.222e+06
7.22197e+06
7.22195e+06
7.22192e+06
7.2219e+06
7.22187e+06
7.22184e+06
7.22179e+06
7.22173e+06
7.22165e+06
7.22156e+06
7.22146e+06
7.22133e+06
7.22119e+06
7.22102e+06
7.22082e+06
7.22061e+06
7.22039e+06
7.22016e+06
7.21992e+06
7.21967e+06
7.2194e+06
7.21913e+06
7.21885e+06
7.21856e+06
7.21826e+06
7.21795e+06
7.21764e+06
7.21732e+06
7.21699e+06
7.21666e+06
7.21632e+06
7.21597e+06
7.21562e+06
7.21526e+06
7.2149e+06
7.21453e+06
7.21416e+06
7.21379e+06
7.21341e+06
7.21303e+06
7.21264e+06
7.21225e+06
7.21186e+06
7.21146e+06
7.21106e+06
7.21066e+06
7.21025e+06
7.20985e+06
7.20943e+06
7.20902e+06
7.2086e+06
7.20817e+06
7.20775e+06
7.20732e+06
7.20689e+06
7.20646e+06
7.20602e+06
7.20558e+06
7.20514e+06
7.2047e+06
7.20426e+06
7.20381e+06
7.20337e+06
7.20292e+06
7.20247e+06
7.20203e+06
7.20158e+06
7.20113e+06
7.20068e+06
7.20023e+06
)
;
    }
}


// ************************************************************************* //
