-------------------------------------------------------------------
 Nuclide    a. weight   temp      a. dens      a. frac      m. frac
-------------------------------------------------------------------
 24053.03c   52.94079  559.0  7.20746E-06  1.65952E-04  9.67359E-05 
 24054.03c   53.93937  559.0  1.79408E-06  4.13087E-05  2.45336E-05 
 28061.03c   60.93143  559.0  4.21331E-07  9.70114E-06  6.50847E-06 
 50115.03c  114.90308  559.0  1.63812E-06  3.77177E-05  4.77191E-05 
 28062.03c   61.92799  559.0  1.34344E-06  3.09327E-05  2.10921E-05 
 8016.03c   15.99492  559.0  3.08132E-04  7.09475E-03  1.24949E-03 
 28064.03c   63.92818  559.0  3.42085E-07  7.87651E-06  5.54423E-06 
 24052.03c   51.93999  559.0  6.35631E-05  1.46354E-03  8.36994E-04 
 40090.03c   89.90473  559.0  2.18317E-02  5.02675E-01  4.97604E-01 
 28058.03c   57.93570  559.0  2.51627E-05  5.79371E-04  3.69588E-04 
 50120.03c  119.90202  559.0  1.56970E-04  3.61424E-03  4.77154E-03 
 26054.03c   53.93962  559.0  5.57337E-06  1.28327E-04  7.62150E-05 
 26057.03c   56.93541  559.0  2.02053E-06  4.65226E-05  2.91650E-05 
 50119.03c  118.90345  559.0  4.13864E-05  9.52924E-04  1.24758E-03 
 50118.03c  117.90184  559.0  1.16691E-04  2.68682E-03  3.48798E-03 
 26056.03c   55.93491  559.0  8.74901E-05  2.01446E-03  1.24067E-03 
 50112.03c  111.90533  559.0  4.67343E-06  1.07606E-04  1.32587E-04 
 50116.03c  115.90166  559.0  7.00535E-05  1.61298E-03  2.05842E-03 
 28060.03c   59.93079  559.0  9.69262E-06  2.23173E-04  1.47267E-04 
 26058.03c   57.93329  559.0  2.68895E-07  6.19131E-06  3.94935E-06 
 40094.03c   93.90631  559.0  7.37482E-03  1.69805E-01  1.75574E-01 
 40091.03c   90.90563  559.0  4.76096E-03  1.09621E-01  1.09724E-01 
 50117.03c  116.90326  559.0  3.70020E-05  8.51972E-04  1.09665E-03 
 50114.03c  113.90349  559.0  3.17985E-06  7.32161E-05  9.18245E-05 
 24050.03c   49.94606  559.0  3.29613E-06  7.58934E-05  4.17369E-05 
 40096.03c   95.90830  559.0  1.18812E-03  2.73564E-02  2.88889E-02 
 40092.03c   91.90501  559.0  7.27723E-03  1.67558E-01  1.69559E-01 
 50122.03c  121.90322  559.0  2.23073E-05  5.13626E-04  6.89409E-04 
 8017.03c   16.99913  559.0  1.17376E-07  2.70257E-06  5.05847E-07 
 50124.03c  123.90542  559.0  2.78961E-05  6.42308E-04  8.76292E-04 
       sum                    4.34310E-02  1.00000E+00  1.00000E+00
-------------------------------------------------------------------