->       1      12       3       3                                 <-   
SIGNATURE                                                                       
         4         4         4
L_MULTICOMPO
->       1      12       0      -1                                 <-   
Radial                                                                          
->       2      12       3      20                                 <-   
COMMENT                                                                         
         4         4         4         4         4         4         4         4
         4         4         4         4         4         4         4         4
         4         4         4         4
Radial reflector XS                                                             
->       2      12       0      -1                                 <-   
GLOBAL                                                                          
->       3      12       3       9                                 <-   
PARKEY                                                                          
         4         4         4         4         4         4         4         4
         4
C-BORE      Method      Palier      
->       3      12       3       3                                 <-   
PARTYP                                                                          
         4         4         4
VALUVALUVALU
->       3      12       3       6                                 <-   
PARFMT                                                                          
         4         4         4         4         4         4
REAL    STRING  STRING  
->       3      12       1       4                                 <-   
PARCAD                                                                          
         1         1         1         1
->       3      12       1       4                                 <-   
PARPAD                                                                          
         1         1         1         1
->       3      12       2       2                                 <-   
pval00000001                                                                    
  0.00000000E+00  2.00000000E+04
->       3      12       1       3                                 <-   
NVALUE                                                                          
         2         1         1
->       3      12       3       3                                 <-   
pval00000002                                                                    
         4         4         4
ERM-NEM     
->       3      12       3       3                                 <-   
pval00000003                                                                    
         4         4         4
FA3         
->      -3       0       0       0                                 <-   
->       2      12       1      40                                 <-   
STATE-VECTOR                                                                    
         2         2         2        10         3         0         0         0
         0         1         0      2006         0         0         1         0
         0         0         0         0         0         0         0         0
         0         0         0         0         0         0         0         0
         0         0         0         0         0         0         0         0
->       2      12      10       2                                 <-   
MIXTURES                                                                        
->       3       0       0      -1                                 <-   00000001
->       4      12      10      10                                 <-   
CALCULATIONS                                                                    
->       5       0       0      -1                                 <-   00000001
->       6      12      10       1                                 <-   
ISOTOPESLIST                                                                    
->       7       0       0      -1                                 <-   00000001
->       8      12       2       2                                 <-   
NWT0                                                                            
  1.01021588E+00  1.76380426E-01
->       8      12       2       2                                 <-   
NTOT0                                                                           
  4.15195733E-01  8.23117793E-01
->       8      12       2       2                                 <-   
OVERV                                                                           
  0.00000000E+00  0.00000000E+00
->       8      12       2       2                                 <-   
STRD                                                                            
  2.47366041E-01  9.26788688E-01
->       8      12       2       2                                 <-   
NUSIGF                                                                          
  5.46608120E-03  9.25945267E-02
->       8      12       2       2                                 <-   
CHI                                                                             
  1.00000000E+00  8.25915247E-09
->       8      12       2       2                                 <-   
SIGS00                                                                          
  4.07515138E-01  7.65745640E-01
->       8      12       1       2                                 <-   
NJJS00                                                                          
         1         2
->       8      12       1       2                                 <-   
IJJS00                                                                          
         1         2
->       8      12       2       3                                 <-   
SCAT00                                                                          
  3.95346463E-01  7.65745640E-01  1.21686952E-02
->       8      12       1       1                                 <-   
SCAT-SAVED                                                                      
         1
->       8      12       3       3                                 <-   
ALIAS                                                                           
         4         4         4
*MAC*RES    
->      -8       0       0       0                                 <-   
->       6      12       0      -1                                 <-   
MACROLIB                                                                        
->       7      12       2       2                                 <-   
ALBEDO                                                                          
  7.31642008E-01  9.80141461E-01
->      -7       0       0       0                                 <-   
->       6      12       3       3                                 <-   
SIGNATURE                                                                       
         4         4         4
L_LIBRARY   
->       6      12       1      40                                 <-   
STATE-VECTOR                                                                    
         1         1         2         1         0         0         0         0
         0         0         0         0         0         1         0         0
         0         0         0         0         0         0         0         0
         0         0         0         0         0         0         0         0
         0         0         0         0         0         0         0         0
->       6      12       1       1                                 <-   
ISOTOPESMIX                                                                     
         1
->       6      12       3       3                                 <-   
ISOTOPESUSED                                                                    
         4         4         4
*MAC*RES    
->       6      12       3       3                                 <-   
ISOTOPERNAME                                                                    
         4         4         4
*MAC*RES    
->       6      12       2       1                                 <-   
ISOTOPESDENS                                                                    
  1.00000000E+00
->       6      12       1       1                                 <-   
ISOTOPESTYPE                                                                    
         2
->       6      12       1       1                                 <-   
ISOTOPESTODO                                                                    
         1
->       6      12       2       1                                 <-   
ISOTOPESVOL                                                                     
  4.30000000E+01
->       6      12       2       1                                 <-   
ISOTOPESTEMP                                                                    
  0.00000000E+00
->       6      12       2       1                                 <-   
MIXTURESVOL                                                                     
  4.30000000E+01
->       6      12       2       1                                 <-   
K-EFFECTIVE                                                                     
  1.00000000E+00
->       6      12       2       1                                 <-   
K-INFINITY                                                                      
  1.40129846E-45
->       6      12       2       3                                 <-   
ENERGY                                                                          
  1.96403300E+07  6.25000000E-01  1.00000998E-05
->       6      12       2       2                                 <-   
DELTAU                                                                          
  1.72630997E+01  1.10429115E+01
->      -6       0       0       0                                 <-   
->       5       0       0      -1                                 <-   00000002
->       6      12      10       1                                 <-   
ISOTOPESLIST                                                                    
->       7       0       0      -1                                 <-   00000001
->       8      12       2       2                                 <-   
NWT0                                                                            
  1.01082897E+00  1.76133394E-01
->       8      12       2       2                                 <-   
NTOT0                                                                           
  4.16842818E-01  8.33326936E-01
->       8      12       2       2                                 <-   
OVERV                                                                           
  0.00000000E+00  0.00000000E+00
->       8      12       2       2                                 <-   
STRD                                                                            
  2.46066570E-01  9.12041247E-01
->       8      12       2       2                                 <-   
NUSIGF                                                                          
  5.48742153E-03  9.37385112E-02
->       8      12       2       2                                 <-   
CHI                                                                             
  1.00000000E+00  8.25915603E-09
->       8      12       2       2                                 <-   
SIGS00                                                                          
  4.09132481E-01  7.75245965E-01
->       8      12       1       2                                 <-   
NJJS00                                                                          
         1         2
->       8      12       1       2                                 <-   
IJJS00                                                                          
         1         2
->       8      12       2       3                                 <-   
SCAT00                                                                          
  3.96924436E-01  7.75245965E-01  1.22080175E-02
->       8      12       1       1                                 <-   
SCAT-SAVED                                                                      
         1
->       8      12       3       3                                 <-   
ALIAS                                                                           
         4         4         4
*MAC*RES    
->      -8       0       0       0                                 <-   
->       6      12       0      -1                                 <-   
MACROLIB                                                                        
->       7      12       2       2                                 <-   
ALBEDO                                                                          
  7.26690710E-01  9.68717337E-01
->      -7       0       0       0                                 <-   
->       6      12       3       3                                 <-   
SIGNATURE                                                                       
         4         4         4
L_LIBRARY   
->       6      12       1      40                                 <-   
STATE-VECTOR                                                                    
         1         1         2         1         0         0         0         0
         0         0         0         0         0         1         0         0
         0         0         0         0         0         0         0         0
         0         0         0         0         0         0         0         0
         0         0         0         0         0         0         0         0
->       6      12       1       1                                 <-   
ISOTOPESMIX                                                                     
         1
->       6      12       3       3                                 <-   
ISOTOPESUSED                                                                    
         4         4         4
*MAC*RES    
->       6      12       3       3                                 <-   
ISOTOPERNAME                                                                    
         4         4         4
*MAC*RES    
->       6      12       2       1                                 <-   
ISOTOPESDENS                                                                    
  1.00000000E+00
->       6      12       1       1                                 <-   
ISOTOPESTYPE                                                                    
         2
->       6      12       1       1                                 <-   
ISOTOPESTODO                                                                    
         1
->       6      12       2       1                                 <-   
ISOTOPESVOL                                                                     
  4.30000000E+01
->       6      12       2       1                                 <-   
ISOTOPESTEMP                                                                    
  0.00000000E+00
->       6      12       2       1                                 <-   
MIXTURESVOL                                                                     
  4.30000000E+01
->       6      12       2       1                                 <-   
K-EFFECTIVE                                                                     
  1.00000000E+00
->       6      12       2       1                                 <-   
K-INFINITY                                                                      
  1.40129846E-45
->       6      12       2       3                                 <-   
ENERGY                                                                          
  1.96403300E+07  6.25000000E-01  1.00000998E-05
->       6      12       2       2                                 <-   
DELTAU                                                                          
  1.72630997E+01  1.10429115E+01
->      -6       0       0       0                                 <-   
->       5       0      99       0                                 <-   00000003
->       5       0      99       0                                 <-   00000004
->       5       0      99       0                                 <-   00000005
->       5       0      99       0                                 <-   00000006
->       5       0      99       0                                 <-   00000007
->       5       0      99       0                                 <-   00000008
->       5       0      99       0                                 <-   00000009
->       5       0      99       0                                 <-   00000010
->       4      12       0      -1                                 <-   
TREE                                                                            
->       5      12       1       2                                 <-   
NVP                                                                             
         7        80
->       5      12       1       1                                 <-   
NCALS                                                                           
         2
->       5      12       1       8                                 <-   
DEBARB                                                                          
         2         4         5         6         7         8         1         2
->       5      12       1       7                                 <-   
ARBVAL                                                                          
         0         1         2         1         1         1         1
->       5      12       1      10                                 <-   
ORIGIN                                                                          
         0         1         0         0         0         0         0         0
         0         0
->      -5       0       0       0                                 <-   
->      -4       0       0       0                                 <-   
->       3       0       0      -1                                 <-   00000002
->       4      12      10      10                                 <-   
CALCULATIONS                                                                    
->       5       0       0      -1                                 <-   00000001
->       6      12      10       1                                 <-   
ISOTOPESLIST                                                                    
->       7       0       0      -1                                 <-   00000001
->       8      12       2       2                                 <-   
NWT0                                                                            
  2.58834720E-01  1.03806481E-02
->       8      12       2       2                                 <-   
NTOT0                                                                           
  5.81827581E-01  7.40269899E-01
->       8      12       2       2                                 <-   
OVERV                                                                           
  0.00000000E+00  0.00000000E+00
->       8      12       2       2                                 <-   
STRD                                                                            
  2.74539411E-01  8.27983022E-01
->       8      12       2       2                                 <-   
NUSIGF                                                                          
  0.00000000E+00  0.00000000E+00
->       8      12       2       2                                 <-   
CHI                                                                             
  0.00000000E+00  0.00000000E+00
->       8      12       2       2                                 <-   
SIGS00                                                                          
  5.77957928E-01  6.70315444E-01
->       8      12       1       2                                 <-   
NJJS00                                                                          
         1         2
->       8      12       1       2                                 <-   
IJJS00                                                                          
         1         2
->       8      12       2       3                                 <-   
SCAT00                                                                          
  5.75626075E-01  6.70315444E-01  2.33184360E-03
->       8      12       1       1                                 <-   
SCAT-SAVED                                                                      
         1
->       8      12       3       3                                 <-   
ALIAS                                                                           
         4         4         4
*MAC*RES    
->      -8       0       0       0                                 <-   
->       6      12       0      -1                                 <-   
MACROLIB                                                                        
->       7      12       2       2                                 <-   
ALBEDO                                                                          
  7.31642008E-01  9.80141461E-01
->      -7       0       0       0                                 <-   
->       6      12       3       3                                 <-   
SIGNATURE                                                                       
         4         4         4
L_LIBRARY   
->       6      12       1      40                                 <-   
STATE-VECTOR                                                                    
         1         1         2         1         0         0         0         0
         0         0         0         0         0         1         0         0
         0         0         0         0         0         0         0         0
         0         0         0         0         0         0         0         0
         0         0         0         0         0         0         0         0
->       6      12       1       1                                 <-   
ISOTOPESMIX                                                                     
         1
->       6      12       3       3                                 <-   
ISOTOPESUSED                                                                    
         4         4         4
*MAC*RES    
->       6      12       3       3                                 <-   
ISOTOPERNAME                                                                    
         4         4         4
*MAC*RES    
->       6      12       2       1                                 <-   
ISOTOPESDENS                                                                    
  1.00000000E+00
->       6      12       1       1                                 <-   
ISOTOPESTYPE                                                                    
         2
->       6      12       1       1                                 <-   
ISOTOPESTODO                                                                    
         1
->       6      12       2       1                                 <-   
ISOTOPESVOL                                                                     
  2.15000000E+01
->       6      12       2       1                                 <-   
ISOTOPESTEMP                                                                    
  0.00000000E+00
->       6      12       2       1                                 <-   
MIXTURESVOL                                                                     
  2.15000000E+01
->       6      12       2       1                                 <-   
K-EFFECTIVE                                                                     
  1.00000000E+00
->       6      12       2       1                                 <-   
K-INFINITY                                                                      
  1.40129846E-45
->       6      12       2       3                                 <-   
ENERGY                                                                          
  1.96403300E+07  6.25000000E-01  1.00000998E-05
->       6      12       2       2                                 <-   
DELTAU                                                                          
  1.72630997E+01  1.10429115E+01
->      -6       0       0       0                                 <-   
->       5       0       0      -1                                 <-   00000002
->       6      12      10       1                                 <-   
ISOTOPESLIST                                                                    
->       7       0       0      -1                                 <-   00000001
->       8      12       2       2                                 <-   
NWT0                                                                            
  2.52130896E-01  8.05588346E-03
->       8      12       2       2                                 <-   
NTOT0                                                                           
  5.81811368E-01  7.83076108E-01
->       8      12       2       2                                 <-   
OVERV                                                                           
  0.00000000E+00  0.00000000E+00
->       8      12       2       2                                 <-   
STRD                                                                            
  2.72669911E-01  7.79302657E-01
->       8      12       2       2                                 <-   
NUSIGF                                                                          
  0.00000000E+00  0.00000000E+00
->       8      12       2       2                                 <-   
CHI                                                                             
  0.00000000E+00  0.00000000E+00
->       8      12       2       2                                 <-   
SIGS00                                                                          
  5.77530146E-01  6.92792416E-01
->       8      12       1       2                                 <-   
NJJS00                                                                          
         1         2
->       8      12       1       2                                 <-   
IJJS00                                                                          
         1         2
->       8      12       2       3                                 <-   
SCAT00                                                                          
  5.75404942E-01  6.92792416E-01  2.12515844E-03
->       8      12       1       1                                 <-   
SCAT-SAVED                                                                      
         1
->       8      12       3       3                                 <-   
ALIAS                                                                           
         4         4         4
*MAC*RES    
->      -8       0       0       0                                 <-   
->       6      12       0      -1                                 <-   
MACROLIB                                                                        
->       7      12       2       2                                 <-   
ALBEDO                                                                          
  7.26690710E-01  9.68717337E-01
->      -7       0       0       0                                 <-   
->       6      12       3       3                                 <-   
SIGNATURE                                                                       
         4         4         4
L_LIBRARY   
->       6      12       1      40                                 <-   
STATE-VECTOR                                                                    
         1         1         2         1         0         0         0         0
         0         0         0         0         0         1         0         0
         0         0         0         0         0         0         0         0
         0         0         0         0         0         0         0         0
         0         0         0         0         0         0         0         0
->       6      12       1       1                                 <-   
ISOTOPESMIX                                                                     
         1
->       6      12       3       3                                 <-   
ISOTOPESUSED                                                                    
         4         4         4
*MAC*RES    
->       6      12       3       3                                 <-   
ISOTOPERNAME                                                                    
         4         4         4
*MAC*RES    
->       6      12       2       1                                 <-   
ISOTOPESDENS                                                                    
  1.00000000E+00
->       6      12       1       1                                 <-   
ISOTOPESTYPE                                                                    
         2
->       6      12       1       1                                 <-   
ISOTOPESTODO                                                                    
         1
->       6      12       2       1                                 <-   
ISOTOPESVOL                                                                     
  2.15000000E+01
->       6      12       2       1                                 <-   
ISOTOPESTEMP                                                                    
  0.00000000E+00
->       6      12       2       1                                 <-   
MIXTURESVOL                                                                     
  2.15000000E+01
->       6      12       2       1                                 <-   
K-EFFECTIVE                                                                     
  1.00000000E+00
->       6      12       2       1                                 <-   
K-INFINITY                                                                      
  1.40129846E-45
->       6      12       2       3                                 <-   
ENERGY                                                                          
  1.96403300E+07  6.25000000E-01  1.00000998E-05
->       6      12       2       2                                 <-   
DELTAU                                                                          
  1.72630997E+01  1.10429115E+01
->      -6       0       0       0                                 <-   
->       5       0      99       0                                 <-   00000003
->       5       0      99       0                                 <-   00000004
->       5       0      99       0                                 <-   00000005
->       5       0      99       0                                 <-   00000006
->       5       0      99       0                                 <-   00000007
->       5       0      99       0                                 <-   00000008
->       5       0      99       0                                 <-   00000009
->       5       0      99       0                                 <-   00000010
->       4      12       0      -1                                 <-   
TREE                                                                            
->       5      12       1       2                                 <-   
NVP                                                                             
         7        80
->       5      12       1       1                                 <-   
NCALS                                                                           
         2
->       5      12       1       8                                 <-   
DEBARB                                                                          
         2         4         5         6         7         8         1         2
->       5      12       1       7                                 <-   
ARBVAL                                                                          
         0         1         2         1         1         1         1
->       5      12       1      10                                 <-   
ORIGIN                                                                          
         0         1         0         0         0         0         0         0
         0         0
->      -5       0       0       0                                 <-   
->      -4       0       0       0                                 <-   
->      -2       0       0       0                                 <-   
->       1      12       0      -1                                 <-   
Bas                                                                             
->       2      12       3      20                                 <-   
COMMENT                                                                         
         4         4         4         4         4         4         4         4
         4         4         4         4         4         4         4         4
         4         4         4         4
Lower reflector XS                                                              
->       2      12       0      -1                                 <-   
GLOBAL                                                                          
->       3      12       3       6                                 <-   
PARKEY                                                                          
         4         4         4         4         4         4
C-BORE      Method      
->       3      12       3       2                                 <-   
PARTYP                                                                          
         4         4
VALUVALU
->       3      12       3       4                                 <-   
PARFMT                                                                          
         4         4         4         4
REAL    STRING  
->       3      12       1       3                                 <-   
PARCAD                                                                          
         1         1         1
->       3      12       1       3                                 <-   
PARPAD                                                                          
         1         1         1
->      -3       0       0       0                                 <-   
->       2      12       1      40                                 <-   
STATE-VECTOR                                                                    
         0         0         0        10         2         0         0         0
         0         1         0      2006         0         0        -1        -1
         0         0         0         0         0         0         0         0
         0         0         0         0         0         0         0         0
         0         0         0         0         0         0         0         0
->      -2       0       0       0                                 <-   
->       1      12       0      -1                                 <-   
Haut                                                                            
->       2      12       3      20                                 <-   
COMMENT                                                                         
         4         4         4         4         4         4         4         4
         4         4         4         4         4         4         4         4
         4         4         4         4
Higher reflector XS                                                             
->       2      12       0      -1                                 <-   
GLOBAL                                                                          
->       3      12       3       6                                 <-   
PARKEY                                                                          
         4         4         4         4         4         4
C-BORE      Method      
->       3      12       3       2                                 <-   
PARTYP                                                                          
         4         4
VALUVALU
->       3      12       3       4                                 <-   
PARFMT                                                                          
         4         4         4         4
REAL    STRING  
->       3      12       1       3                                 <-   
PARCAD                                                                          
         1         1         1
->       3      12       1       3                                 <-   
PARPAD                                                                          
         1         1         1
->      -3       0       0       0                                 <-   
->       2      12       1      40                                 <-   
STATE-VECTOR                                                                    
         0         0         0        10         2         0         0         0
         0         1         0      2006         0         0        -1        -1
         0         0         0         0         0         0         0         0
         0         0         0         0         0         0         0         0
         0         0         0         0         0         0         0         0
->      -2       0       0       0                                 <-   
->      -1       0       0       0                                 <-   
