/*--------------------------------*- C++ -*----------------------------------*\
| =========                 |                                                 |
| \\      /  F ield         | OpenFOAM: The Open Source CFD Toolbox           |
|  \\    /   O peration     | Version:  2406                                  |
|   \\  /    A nd           | Website:  www.openfoam.com                      |
|    \\/     M anipulation  |                                                 |
\*---------------------------------------------------------------------------*/
FoamFile
{
    version     2.0;
    format      ascii;
    arch        "LSB;label=32;scalar=64";
    class       volTensorField;
    location    "0.6/fluidRegion";
    object      KdTotU;
}
// * * * * * * * * * * * * * * * * * * * * * * * * * * * * * * * * * * * * * //

dimensions      [1 -2 -2 0 0 0 0];

internalField   nonuniform List<tensor> 
75
(
(0 0 0 0 0 0 0 0 0)
(0 0 0 0 0 0 0 0 0)
(0 0 0 0 0 0 0 0 0)
(0 0 0 0 0 0 0 0 0)
(0 0 0 0 0 0 0 0 0)
(1083.24 0 0 0 1083.24 0 0 0 1083.24)
(1779.82 0 0 0 1779.82 0 0 0 1779.82)
(1839.56 0 0 0 1839.56 0 0 0 1839.56)
(2165.77 0 0 0 2165.77 0 0 0 2165.77)
(2694.25 0 0 0 2694.25 0 0 0 2694.25)
(3361.01 0 0 0 3361.01 0 0 0 3361.01)
(4137.71 0 0 0 4137.71 0 0 0 4137.71)
(4966.02 0 0 0 4966.02 0 0 0 4966.02)
(5809.77 0 0 0 5809.77 0 0 0 5809.77)
(6879.03 0 0 0 6879.03 0 0 0 6879.03)
(8082.04 0 0 0 8082.04 0 0 0 8082.04)
(9270.81 0 0 0 9270.81 0 0 0 9270.81)
(10422.1 0 0 0 10422.1 0 0 0 10422.1)
(11535.1 0 0 0 11535.1 0 0 0 11535.1)
(12610 0 0 0 12610 0 0 0 12610)
(13647.1 0 0 0 13647.1 0 0 0 13647.1)
(14647.5 0 0 0 14647.5 0 0 0 14647.5)
(15612.5 0 0 0 15612.5 0 0 0 15612.5)
(16543.4 0 0 0 16543.4 0 0 0 16543.4)
(17441 0 0 0 17441 0 0 0 17441)
(18305.5 0 0 0 18305.5 0 0 0 18305.5)
(19131.9 0 0 0 19131.9 0 0 0 19131.9)
(19917.9 0 0 0 19917.9 0 0 0 19917.9)
(20666.5 0 0 0 20666.5 0 0 0 20666.5)
(21380.3 0 0 0 21380.3 0 0 0 21380.3)
(22061.3 0 0 0 22061.3 0 0 0 22061.3)
(22711.4 0 0 0 22711.4 0 0 0 22711.4)
(23332.6 0 0 0 23332.6 0 0 0 23332.6)
(23926.6 0 0 0 23926.6 0 0 0 23926.6)
(24494.9 0 0 0 24494.9 0 0 0 24494.9)
(25038.6 0 0 0 25038.6 0 0 0 25038.6)
(25558.9 0 0 0 25558.9 0 0 0 25558.9)
(26056.6 0 0 0 26056.6 0 0 0 26056.6)
(26532.7 0 0 0 26532.7 0 0 0 26532.7)
(27096.3 0 0 0 27096.3 0 0 0 27096.3)
(27794.9 0 0 0 27794.9 0 0 0 27794.9)
(28454.1 0 0 0 28454.1 0 0 0 28454.1)
(29079.8 0 0 0 29079.8 0 0 0 29079.8)
(29676.5 0 0 0 29676.5 0 0 0 29676.5)
(30247 0 0 0 30247 0 0 0 30247)
(30793.1 0 0 0 30793.1 0 0 0 30793.1)
(31316.2 0 0 0 31316.2 0 0 0 31316.2)
(31817.6 0 0 0 31817.6 0 0 0 31817.6)
(32298 0 0 0 32298 0 0 0 32298)
(32758.2 0 0 0 32758.2 0 0 0 32758.2)
(33198.7 0 0 0 33198.7 0 0 0 33198.7)
(33620.3 0 0 0 33620.3 0 0 0 33620.3)
(34023.2 0 0 0 34023.2 0 0 0 34023.2)
(34407.8 0 0 0 34407.8 0 0 0 34407.8)
(34774.6 0 0 0 34774.6 0 0 0 34774.6)
(35123.8 0 0 0 35123.8 0 0 0 35123.8)
(35455.6 0 0 0 35455.6 0 0 0 35455.6)
(35770.3 0 0 0 35770.3 0 0 0 35770.3)
(36068 0 0 0 36068 0 0 0 36068)
(36348.9 0 0 0 36348.9 0 0 0 36348.9)
(36613.2 0 0 0 36613.2 0 0 0 36613.2)
(36861 0 0 0 36861 0 0 0 36861)
(37092.8 0 0 0 37092.8 0 0 0 37092.8)
(37308.8 0 0 0 37308.8 0 0 0 37308.8)
(37509.5 0 0 0 37509.5 0 0 0 37509.5)
(37695.8 0 0 0 37695.8 0 0 0 37695.8)
(37868.5 0 0 0 37868.5 0 0 0 37868.5)
(38029.2 0 0 0 38029.2 0 0 0 38029.2)
(38179.5 0 0 0 38179.5 0 0 0 38179.5)
(38321.2 0 0 0 38321.2 0 0 0 38321.2)
(38456.6 0 0 0 38456.6 0 0 0 38456.6)
(38587.1 0 0 0 38587.1 0 0 0 38587.1)
(38713.3 0 0 0 38713.3 0 0 0 38713.3)
(38842.7 0 0 0 38842.7 0 0 0 38842.7)
(38937.6 0 0 0 38937.6 0 0 0 38937.6)
)
;

boundaryField
{
    inlet
    {
        type            zeroGradient;
    }
    outlet
    {
        type            zeroGradient;
    }
    fixedWalls
    {
        type            zeroGradient;
    }
}


// ************************************************************************* //
