/*--------------------------------*- C++ -*----------------------------------*\
| =========                 |                                                 |
| \\      /  F ield         | OpenFOAM: The Open Source CFD Toolbox           |
|  \\    /   O peration     | Version:  2406                                  |
|   \\  /    A nd           | Website:  www.openfoam.com                      |
|    \\/     M anipulation  |                                                 |
\*---------------------------------------------------------------------------*/
FoamFile
{
    version     2.0;
    format      ascii;
    arch        "LSB;label=32;scalar=64";
    class       volScalarField;
    location    "0.6/fluidRegion";
    object      p;
}
// * * * * * * * * * * * * * * * * * * * * * * * * * * * * * * * * * * * * * //

dimensions      [1 -1 -2 0 0 0 0];

internalField   nonuniform List<scalar> 
75
(
7.28708e+06
7.28708e+06
7.28708e+06
7.28708e+06
7.28708e+06
7.28707e+06
7.28515e+06
7.28446e+06
7.28435e+06
7.28415e+06
7.28388e+06
7.28354e+06
7.28313e+06
7.28268e+06
7.28218e+06
7.28157e+06
7.2809e+06
7.28018e+06
7.27941e+06
7.27861e+06
7.27777e+06
7.2769e+06
7.27599e+06
7.27505e+06
7.27407e+06
7.27306e+06
7.27203e+06
7.27096e+06
7.26987e+06
7.26876e+06
7.26762e+06
7.26646e+06
7.26528e+06
7.26408e+06
7.26286e+06
7.26161e+06
7.26035e+06
7.25908e+06
7.25778e+06
7.25647e+06
7.25513e+06
7.25378e+06
7.2524e+06
7.251e+06
7.24957e+06
7.24813e+06
7.24667e+06
7.24519e+06
7.24369e+06
7.24218e+06
7.24065e+06
7.2391e+06
7.23754e+06
7.23597e+06
7.23438e+06
7.23279e+06
7.23118e+06
7.22956e+06
7.22792e+06
7.22628e+06
7.22463e+06
7.22297e+06
7.2213e+06
7.21962e+06
7.21793e+06
7.21624e+06
7.21454e+06
7.21283e+06
7.21112e+06
7.2094e+06
7.20769e+06
7.20597e+06
7.20426e+06
7.20255e+06
7.20085e+06
)
;

boundaryField
{
    inlet
    {
        type            calculated;
        value           uniform 7.28708e+06;
    }
    outlet
    {
        type            calculated;
        value           uniform 7.2e+06;
    }
    fixedWalls
    {
        type            calculated;
        value           nonuniform List<scalar> 
300
(
7.28708e+06
7.28708e+06
7.28708e+06
7.28708e+06
7.28708e+06
7.28707e+06
7.28515e+06
7.28446e+06
7.28435e+06
7.28415e+06
7.28388e+06
7.28354e+06
7.28313e+06
7.28268e+06
7.28218e+06
7.28157e+06
7.2809e+06
7.28018e+06
7.27941e+06
7.27861e+06
7.27777e+06
7.2769e+06
7.27599e+06
7.27505e+06
7.27407e+06
7.27306e+06
7.27203e+06
7.27096e+06
7.26987e+06
7.26876e+06
7.26762e+06
7.26646e+06
7.26528e+06
7.26408e+06
7.26286e+06
7.26161e+06
7.26035e+06
7.25908e+06
7.25778e+06
7.25647e+06
7.25513e+06
7.25378e+06
7.2524e+06
7.251e+06
7.24957e+06
7.24813e+06
7.24667e+06
7.24519e+06
7.24369e+06
7.24218e+06
7.24065e+06
7.2391e+06
7.23754e+06
7.23597e+06
7.23438e+06
7.23279e+06
7.23118e+06
7.22956e+06
7.22792e+06
7.22628e+06
7.22463e+06
7.22297e+06
7.2213e+06
7.21962e+06
7.21793e+06
7.21624e+06
7.21454e+06
7.21283e+06
7.21112e+06
7.2094e+06
7.20769e+06
7.20597e+06
7.20426e+06
7.20255e+06
7.20085e+06
7.28708e+06
7.28708e+06
7.28708e+06
7.28708e+06
7.28708e+06
7.28707e+06
7.28515e+06
7.28446e+06
7.28435e+06
7.28415e+06
7.28388e+06
7.28354e+06
7.28313e+06
7.28268e+06
7.28218e+06
7.28157e+06
7.2809e+06
7.28018e+06
7.27941e+06
7.27861e+06
7.27777e+06
7.2769e+06
7.27599e+06
7.27505e+06
7.27407e+06
7.27306e+06
7.27203e+06
7.27096e+06
7.26987e+06
7.26876e+06
7.26762e+06
7.26646e+06
7.26528e+06
7.26408e+06
7.26286e+06
7.26161e+06
7.26035e+06
7.25908e+06
7.25778e+06
7.25647e+06
7.25513e+06
7.25378e+06
7.2524e+06
7.251e+06
7.24957e+06
7.24813e+06
7.24667e+06
7.24519e+06
7.24369e+06
7.24218e+06
7.24065e+06
7.2391e+06
7.23754e+06
7.23597e+06
7.23438e+06
7.23279e+06
7.23118e+06
7.22956e+06
7.22792e+06
7.22628e+06
7.22463e+06
7.22297e+06
7.2213e+06
7.21962e+06
7.21793e+06
7.21624e+06
7.21454e+06
7.21283e+06
7.21112e+06
7.2094e+06
7.20769e+06
7.20597e+06
7.20426e+06
7.20255e+06
7.20085e+06
7.28708e+06
7.28708e+06
7.28708e+06
7.28708e+06
7.28708e+06
7.28707e+06
7.28515e+06
7.28446e+06
7.28435e+06
7.28415e+06
7.28388e+06
7.28354e+06
7.28313e+06
7.28268e+06
7.28218e+06
7.28157e+06
7.2809e+06
7.28018e+06
7.27941e+06
7.27861e+06
7.27777e+06
7.2769e+06
7.27599e+06
7.27505e+06
7.27407e+06
7.27306e+06
7.27203e+06
7.27096e+06
7.26987e+06
7.26876e+06
7.26762e+06
7.26646e+06
7.26528e+06
7.26408e+06
7.26286e+06
7.26161e+06
7.26035e+06
7.25908e+06
7.25778e+06
7.25647e+06
7.25513e+06
7.25378e+06
7.2524e+06
7.251e+06
7.24957e+06
7.24813e+06
7.24667e+06
7.24519e+06
7.24369e+06
7.24218e+06
7.24065e+06
7.2391e+06
7.23754e+06
7.23597e+06
7.23438e+06
7.23279e+06
7.23118e+06
7.22956e+06
7.22792e+06
7.22628e+06
7.22463e+06
7.22297e+06
7.2213e+06
7.21962e+06
7.21793e+06
7.21624e+06
7.21454e+06
7.21283e+06
7.21112e+06
7.2094e+06
7.20769e+06
7.20597e+06
7.20426e+06
7.20255e+06
7.20085e+06
7.28708e+06
7.28708e+06
7.28708e+06
7.28708e+06
7.28708e+06
7.28707e+06
7.28515e+06
7.28446e+06
7.28435e+06
7.28415e+06
7.28388e+06
7.28354e+06
7.28313e+06
7.28268e+06
7.28218e+06
7.28157e+06
7.2809e+06
7.28018e+06
7.27941e+06
7.27861e+06
7.27777e+06
7.2769e+06
7.27599e+06
7.27505e+06
7.27407e+06
7.27306e+06
7.27203e+06
7.27096e+06
7.26987e+06
7.26876e+06
7.26762e+06
7.26646e+06
7.26528e+06
7.26408e+06
7.26286e+06
7.26161e+06
7.26035e+06
7.25908e+06
7.25778e+06
7.25647e+06
7.25513e+06
7.25378e+06
7.2524e+06
7.251e+06
7.24957e+06
7.24813e+06
7.24667e+06
7.24519e+06
7.24369e+06
7.24218e+06
7.24065e+06
7.2391e+06
7.23754e+06
7.23597e+06
7.23438e+06
7.23279e+06
7.23118e+06
7.22956e+06
7.22792e+06
7.22628e+06
7.22463e+06
7.22297e+06
7.2213e+06
7.21962e+06
7.21793e+06
7.21624e+06
7.21454e+06
7.21283e+06
7.21112e+06
7.2094e+06
7.20769e+06
7.20597e+06
7.20426e+06
7.20255e+06
7.20085e+06
)
;
    }
}


// ************************************************************************* //
