/*--------------------------------*- C++ -*----------------------------------*\
| =========                 |                                                 |
| \\      /  F ield         | OpenFOAM: The Open Source CFD Toolbox           |
|  \\    /   O peration     | Version:  2406                                  |
|   \\  /    A nd           | Website:  www.openfoam.com                      |
|    \\/     M anipulation  |                                                 |
\*---------------------------------------------------------------------------*/
FoamFile
{
    version     2.0;
    format      ascii;
    arch        "LSB;label=32;scalar=64";
    class       volTensorField;
    location    "30/fluidRegion";
    object      KdTotU;
}
// * * * * * * * * * * * * * * * * * * * * * * * * * * * * * * * * * * * * * //

dimensions      [1 -2 -2 0 0 0 0];

internalField   nonuniform List<tensor> 
75
(
(539.428 0 0 0 539.428 0 0 0 539.428)
(539.428 0 0 0 539.428 0 0 0 539.428)
(539.428 0 0 0 539.428 0 0 0 539.428)
(539.428 0 0 0 539.428 0 0 0 539.428)
(539.428 0 0 0 539.428 0 0 0 539.428)
(539.085 0 0 0 539.085 0 0 0 539.085)
(538.676 0 0 0 538.676 0 0 0 538.676)
(538.227 0 0 0 538.227 0 0 0 538.227)
(610.869 0 0 0 610.869 0 0 0 610.869)
(737.318 0 0 0 737.318 0 0 0 737.318)
(902.142 0 0 0 902.142 0 0 0 902.142)
(1107.29 0 0 0 1107.29 0 0 0 1107.29)
(1354.9 0 0 0 1354.9 0 0 0 1354.9)
(1650.09 0 0 0 1650.09 0 0 0 1650.09)
(2060.77 0 0 0 2060.77 0 0 0 2060.77)
(2535.53 0 0 0 2535.53 0 0 0 2535.53)
(3005.59 0 0 0 3005.59 0 0 0 3005.59)
(3456.48 0 0 0 3456.48 0 0 0 3456.48)
(3887.02 0 0 0 3887.02 0 0 0 3887.02)
(4297.84 0 0 0 4297.84 0 0 0 4297.84)
(4689.84 0 0 0 4689.84 0 0 0 4689.84)
(5064.08 0 0 0 5064.08 0 0 0 5064.08)
(5421.66 0 0 0 5421.66 0 0 0 5421.66)
(5763.49 0 0 0 5763.49 0 0 0 5763.49)
(6090.35 0 0 0 6090.35 0 0 0 6090.35)
(6401.35 0 0 0 6401.35 0 0 0 6401.35)
(6695.97 0 0 0 6695.97 0 0 0 6695.97)
(6975.25 0 0 0 6975.25 0 0 0 6975.25)
(7240.34 0 0 0 7240.34 0 0 0 7240.34)
(7492.25 0 0 0 7492.25 0 0 0 7492.25)
(7731.84 0 0 0 7731.84 0 0 0 7731.84)
(7959.88 0 0 0 7959.88 0 0 0 7959.88)
(8177.07 0 0 0 8177.07 0 0 0 8177.07)
(8383.99 0 0 0 8383.99 0 0 0 8383.99)
(8613.44 0 0 0 8613.44 0 0 0 8613.44)
(8912.46 0 0 0 8912.46 0 0 0 8912.46)
(9194.61 0 0 0 9194.61 0 0 0 9194.61)
(9462.37 0 0 0 9462.37 0 0 0 9462.37)
(9717.69 0 0 0 9717.69 0 0 0 9717.69)
(9961.68 0 0 0 9961.68 0 0 0 9961.68)
(10195.1 0 0 0 10195.1 0 0 0 10195.1)
(10418.6 0 0 0 10418.6 0 0 0 10418.6)
(10632.6 0 0 0 10632.6 0 0 0 10632.6)
(10837.6 0 0 0 10837.6 0 0 0 10837.6)
(11033.7 0 0 0 11033.7 0 0 0 11033.7)
(11221.5 0 0 0 11221.5 0 0 0 11221.5)
(11401 0 0 0 11401 0 0 0 11401)
(11572.6 0 0 0 11572.6 0 0 0 11572.6)
(11736.6 0 0 0 11736.6 0 0 0 11736.6)
(11893.1 0 0 0 11893.1 0 0 0 11893.1)
(12042.5 0 0 0 12042.5 0 0 0 12042.5)
(12185 0 0 0 12185 0 0 0 12185)
(12320.7 0 0 0 12320.7 0 0 0 12320.7)
(12449.8 0 0 0 12449.8 0 0 0 12449.8)
(12572.6 0 0 0 12572.6 0 0 0 12572.6)
(12689.2 0 0 0 12689.2 0 0 0 12689.2)
(12799.8 0 0 0 12799.8 0 0 0 12799.8)
(12904.5 0 0 0 12904.5 0 0 0 12904.5)
(13003.5 0 0 0 13003.5 0 0 0 13003.5)
(13096.9 0 0 0 13096.9 0 0 0 13096.9)
(13184.9 0 0 0 13184.9 0 0 0 13184.9)
(13267.5 0 0 0 13267.5 0 0 0 13267.5)
(13345 0 0 0 13345 0 0 0 13345)
(13417.4 0 0 0 13417.4 0 0 0 13417.4)
(13484.8 0 0 0 13484.8 0 0 0 13484.8)
(13547.3 0 0 0 13547.3 0 0 0 13547.3)
(13605 0 0 0 13605 0 0 0 13605)
(13658.1 0 0 0 13658.1 0 0 0 13658.1)
(13706.5 0 0 0 13706.5 0 0 0 13706.5)
(13750.3 0 0 0 13750.3 0 0 0 13750.3)
(13789.7 0 0 0 13789.7 0 0 0 13789.7)
(13824.6 0 0 0 13824.6 0 0 0 13824.6)
(13855.5 0 0 0 13855.5 0 0 0 13855.5)
(13880.3 0 0 0 13880.3 0 0 0 13880.3)
(13908.5 0 0 0 13908.5 0 0 0 13908.5)
)
;

boundaryField
{
    inlet
    {
        type            zeroGradient;
    }
    outlet
    {
        type            zeroGradient;
    }
    fixedWalls
    {
        type            zeroGradient;
    }
}


// ************************************************************************* //
