/*--------------------------------*- C++ -*----------------------------------*\
| =========                 |                                                 |
| \\      /  F ield         | OpenFOAM: The Open Source CFD Toolbox           |
|  \\    /   O peration     | Version:  2406                                  |
|   \\  /    A nd           | Website:  www.openfoam.com                      |
|    \\/     M anipulation  |                                                 |
\*---------------------------------------------------------------------------*/
FoamFile
{
    version     2.0;
    format      ascii;
    arch        "LSB;label=32;scalar=64";
    class       volScalarField;
    location    "30/fluidRegion";
    object      p;
}
// * * * * * * * * * * * * * * * * * * * * * * * * * * * * * * * * * * * * * //

dimensions      [1 -1 -2 0 0 0 0];

internalField   nonuniform List<scalar> 
75
(
7.22989e+06
7.22987e+06
7.22985e+06
7.22983e+06
7.22981e+06
7.22978e+06
7.22976e+06
7.22974e+06
7.22971e+06
7.22966e+06
7.2296e+06
7.22952e+06
7.22942e+06
7.2293e+06
7.22915e+06
7.22896e+06
7.22875e+06
7.22851e+06
7.22826e+06
7.22799e+06
7.22771e+06
7.22742e+06
7.22711e+06
7.22679e+06
7.22646e+06
7.22612e+06
7.22576e+06
7.2254e+06
7.22502e+06
7.22464e+06
7.22425e+06
7.22385e+06
7.22344e+06
7.22302e+06
7.2226e+06
7.22217e+06
7.22172e+06
7.22127e+06
7.22081e+06
7.22033e+06
7.21985e+06
7.21936e+06
7.21886e+06
7.21836e+06
7.21784e+06
7.21732e+06
7.21679e+06
7.21626e+06
7.21572e+06
7.21517e+06
7.21461e+06
7.21406e+06
7.21349e+06
7.21293e+06
7.21235e+06
7.21178e+06
7.2112e+06
7.21061e+06
7.21002e+06
7.20943e+06
7.20884e+06
7.20824e+06
7.20764e+06
7.20704e+06
7.20643e+06
7.20583e+06
7.20522e+06
7.20461e+06
7.204e+06
7.20338e+06
7.20277e+06
7.20215e+06
7.20154e+06
7.20092e+06
7.20031e+06
)
;

boundaryField
{
    inlet
    {
        type            calculated;
        value           uniform 7.2299e+06;
    }
    outlet
    {
        type            calculated;
        value           uniform 7.2e+06;
    }
    fixedWalls
    {
        type            calculated;
        value           nonuniform List<scalar> 
300
(
7.22989e+06
7.22987e+06
7.22985e+06
7.22983e+06
7.22981e+06
7.22978e+06
7.22976e+06
7.22974e+06
7.22971e+06
7.22966e+06
7.2296e+06
7.22952e+06
7.22942e+06
7.2293e+06
7.22915e+06
7.22896e+06
7.22875e+06
7.22851e+06
7.22826e+06
7.22799e+06
7.22771e+06
7.22742e+06
7.22711e+06
7.22679e+06
7.22646e+06
7.22612e+06
7.22576e+06
7.2254e+06
7.22502e+06
7.22464e+06
7.22425e+06
7.22385e+06
7.22344e+06
7.22302e+06
7.2226e+06
7.22217e+06
7.22172e+06
7.22127e+06
7.22081e+06
7.22033e+06
7.21985e+06
7.21936e+06
7.21886e+06
7.21836e+06
7.21784e+06
7.21732e+06
7.21679e+06
7.21626e+06
7.21572e+06
7.21517e+06
7.21461e+06
7.21406e+06
7.21349e+06
7.21293e+06
7.21235e+06
7.21178e+06
7.2112e+06
7.21061e+06
7.21002e+06
7.20943e+06
7.20884e+06
7.20824e+06
7.20764e+06
7.20704e+06
7.20643e+06
7.20583e+06
7.20522e+06
7.20461e+06
7.204e+06
7.20338e+06
7.20277e+06
7.20215e+06
7.20154e+06
7.20092e+06
7.20031e+06
7.22989e+06
7.22987e+06
7.22985e+06
7.22983e+06
7.22981e+06
7.22978e+06
7.22976e+06
7.22974e+06
7.22971e+06
7.22966e+06
7.2296e+06
7.22952e+06
7.22942e+06
7.2293e+06
7.22915e+06
7.22896e+06
7.22875e+06
7.22851e+06
7.22826e+06
7.22799e+06
7.22771e+06
7.22742e+06
7.22711e+06
7.22679e+06
7.22646e+06
7.22612e+06
7.22576e+06
7.2254e+06
7.22502e+06
7.22464e+06
7.22425e+06
7.22385e+06
7.22344e+06
7.22302e+06
7.2226e+06
7.22217e+06
7.22172e+06
7.22127e+06
7.22081e+06
7.22033e+06
7.21985e+06
7.21936e+06
7.21886e+06
7.21836e+06
7.21784e+06
7.21732e+06
7.21679e+06
7.21626e+06
7.21572e+06
7.21517e+06
7.21461e+06
7.21406e+06
7.21349e+06
7.21293e+06
7.21235e+06
7.21178e+06
7.2112e+06
7.21061e+06
7.21002e+06
7.20943e+06
7.20884e+06
7.20824e+06
7.20764e+06
7.20704e+06
7.20643e+06
7.20583e+06
7.20522e+06
7.20461e+06
7.204e+06
7.20338e+06
7.20277e+06
7.20215e+06
7.20154e+06
7.20092e+06
7.20031e+06
7.22989e+06
7.22987e+06
7.22985e+06
7.22983e+06
7.22981e+06
7.22978e+06
7.22976e+06
7.22974e+06
7.22971e+06
7.22966e+06
7.2296e+06
7.22952e+06
7.22942e+06
7.2293e+06
7.22915e+06
7.22896e+06
7.22875e+06
7.22851e+06
7.22826e+06
7.22799e+06
7.22771e+06
7.22742e+06
7.22711e+06
7.22679e+06
7.22646e+06
7.22612e+06
7.22576e+06
7.2254e+06
7.22502e+06
7.22464e+06
7.22425e+06
7.22385e+06
7.22344e+06
7.22302e+06
7.2226e+06
7.22217e+06
7.22172e+06
7.22127e+06
7.22081e+06
7.22033e+06
7.21985e+06
7.21936e+06
7.21886e+06
7.21836e+06
7.21784e+06
7.21732e+06
7.21679e+06
7.21626e+06
7.21572e+06
7.21517e+06
7.21461e+06
7.21406e+06
7.21349e+06
7.21293e+06
7.21235e+06
7.21178e+06
7.2112e+06
7.21061e+06
7.21002e+06
7.20943e+06
7.20884e+06
7.20824e+06
7.20764e+06
7.20704e+06
7.20643e+06
7.20583e+06
7.20522e+06
7.20461e+06
7.204e+06
7.20338e+06
7.20277e+06
7.20215e+06
7.20154e+06
7.20092e+06
7.20031e+06
7.22989e+06
7.22987e+06
7.22985e+06
7.22983e+06
7.22981e+06
7.22978e+06
7.22976e+06
7.22974e+06
7.22971e+06
7.22966e+06
7.2296e+06
7.22952e+06
7.22942e+06
7.2293e+06
7.22915e+06
7.22896e+06
7.22875e+06
7.22851e+06
7.22826e+06
7.22799e+06
7.22771e+06
7.22742e+06
7.22711e+06
7.22679e+06
7.22646e+06
7.22612e+06
7.22576e+06
7.2254e+06
7.22502e+06
7.22464e+06
7.22425e+06
7.22385e+06
7.22344e+06
7.22302e+06
7.2226e+06
7.22217e+06
7.22172e+06
7.22127e+06
7.22081e+06
7.22033e+06
7.21985e+06
7.21936e+06
7.21886e+06
7.21836e+06
7.21784e+06
7.21732e+06
7.21679e+06
7.21626e+06
7.21572e+06
7.21517e+06
7.21461e+06
7.21406e+06
7.21349e+06
7.21293e+06
7.21235e+06
7.21178e+06
7.2112e+06
7.21061e+06
7.21002e+06
7.20943e+06
7.20884e+06
7.20824e+06
7.20764e+06
7.20704e+06
7.20643e+06
7.20583e+06
7.20522e+06
7.20461e+06
7.204e+06
7.20338e+06
7.20277e+06
7.20215e+06
7.20154e+06
7.20092e+06
7.20031e+06
)
;
    }
}


// ************************************************************************* //
