/*--------------------------------*- C++ -*----------------------------------*\
| =========                 |                                                 |
| \\      /  F ield         | OpenFOAM: The Open Source CFD Toolbox           |
|  \\    /   O peration     | Version:  2406                                  |
|   \\  /    A nd           | Website:  www.openfoam.com                      |
|    \\/     M anipulation  |                                                 |
\*---------------------------------------------------------------------------*/
FoamFile
{
    version     2.0;
    format      ascii;
    arch        "LSB;label=32;scalar=64";
    class       volTensorField;
    location    "0.6/fluidRegion";
    object      KdTotU;
}
// * * * * * * * * * * * * * * * * * * * * * * * * * * * * * * * * * * * * * //

dimensions      [1 -2 -2 0 0 0 0];

internalField   nonuniform List<tensor> 
75
(
(0 0 0 0 0 0 0 0 0)
(0 0 0 0 0 0 0 0 0)
(0 0 0 0 0 0 0 0 0)
(0 0 0 0 0 0 0 0 0)
(0 0 0 0 0 0 0 0 0)
(1083.67 0 0 0 1083.67 0 0 0 1083.67)
(1781.79 0 0 0 1781.79 0 0 0 1781.79)
(1781.31 0 0 0 1781.31 0 0 0 1781.31)
(1780.77 0 0 0 1780.77 0 0 0 1780.77)
(1780.18 0 0 0 1780.18 0 0 0 1780.18)
(1779.57 0 0 0 1779.57 0 0 0 1779.57)
(1778.98 0 0 0 1778.98 0 0 0 1778.98)
(1778.42 0 0 0 1778.42 0 0 0 1778.42)
(1777.93 0 0 0 1777.93 0 0 0 1777.93)
(1777.53 0 0 0 1777.53 0 0 0 1777.53)
(1816.83 0 0 0 1816.83 0 0 0 1816.83)
(1935.13 0 0 0 1935.13 0 0 0 1935.13)
(2111.52 0 0 0 2111.52 0 0 0 2111.52)
(2329.15 0 0 0 2329.15 0 0 0 2329.15)
(2579.92 0 0 0 2579.92 0 0 0 2579.92)
(2852.14 0 0 0 2852.14 0 0 0 2852.14)
(3121.68 0 0 0 3121.68 0 0 0 3121.68)
(3387.89 0 0 0 3387.89 0 0 0 3387.89)
(3657.15 0 0 0 3657.15 0 0 0 3657.15)
(3933.58 0 0 0 3933.58 0 0 0 3933.58)
(4219.94 0 0 0 4219.94 0 0 0 4219.94)
(4518.09 0 0 0 4518.09 0 0 0 4518.09)
(4828.94 0 0 0 4828.94 0 0 0 4828.94)
(5152.54 0 0 0 5152.54 0 0 0 5152.54)
(5488.05 0 0 0 5488.05 0 0 0 5488.05)
(5834.34 0 0 0 5834.34 0 0 0 5834.34)
(6200.45 0 0 0 6200.45 0 0 0 6200.45)
(6577.15 0 0 0 6577.15 0 0 0 6577.15)
(6950.84 0 0 0 6950.84 0 0 0 6950.84)
(7315.32 0 0 0 7315.32 0 0 0 7315.32)
(7664.7 0 0 0 7664.7 0 0 0 7664.7)
(7995.94 0 0 0 7995.94 0 0 0 7995.94)
(8309.35 0 0 0 8309.35 0 0 0 8309.35)
(8605.92 0 0 0 8605.92 0 0 0 8605.92)
(8886.61 0 0 0 8886.61 0 0 0 8886.61)
(9152.36 0 0 0 9152.36 0 0 0 9152.36)
(9404.03 0 0 0 9404.03 0 0 0 9404.03)
(9642.43 0 0 0 9642.43 0 0 0 9642.43)
(9868.33 0 0 0 9868.33 0 0 0 9868.33)
(10082.4 0 0 0 10082.4 0 0 0 10082.4)
(10285.2 0 0 0 10285.2 0 0 0 10285.2)
(10477.5 0 0 0 10477.5 0 0 0 10477.5)
(10659.7 0 0 0 10659.7 0 0 0 10659.7)
(10832.4 0 0 0 10832.4 0 0 0 10832.4)
(10996.1 0 0 0 10996.1 0 0 0 10996.1)
(11151.2 0 0 0 11151.2 0 0 0 11151.2)
(11298.2 0 0 0 11298.2 0 0 0 11298.2)
(11437.4 0 0 0 11437.4 0 0 0 11437.4)
(11569.1 0 0 0 11569.1 0 0 0 11569.1)
(11693.8 0 0 0 11693.8 0 0 0 11693.8)
(11811.7 0 0 0 11811.7 0 0 0 11811.7)
(11923.2 0 0 0 11923.2 0 0 0 11923.2)
(12028.4 0 0 0 12028.4 0 0 0 12028.4)
(12127.7 0 0 0 12127.7 0 0 0 12127.7)
(12221.2 0 0 0 12221.2 0 0 0 12221.2)
(12309.3 0 0 0 12309.3 0 0 0 12309.3)
(12392 0 0 0 12392 0 0 0 12392)
(12469.6 0 0 0 12469.6 0 0 0 12469.6)
(12542.3 0 0 0 12542.3 0 0 0 12542.3)
(12610.2 0 0 0 12610.2 0 0 0 12610.2)
(12673.4 0 0 0 12673.4 0 0 0 12673.4)
(12731.9 0 0 0 12731.9 0 0 0 12731.9)
(12785.8 0 0 0 12785.8 0 0 0 12785.8)
(12835 0 0 0 12835 0 0 0 12835)
(12879.4 0 0 0 12879.4 0 0 0 12879.4)
(12918.8 0 0 0 12918.8 0 0 0 12918.8)
(12953.3 0 0 0 12953.3 0 0 0 12953.3)
(12983.3 0 0 0 12983.3 0 0 0 12983.3)
(13009.8 0 0 0 13009.8 0 0 0 13009.8)
(13034.5 0 0 0 13034.5 0 0 0 13034.5)
)
;

boundaryField
{
    inlet
    {
        type            zeroGradient;
    }
    outlet
    {
        type            zeroGradient;
    }
    fixedWalls
    {
        type            zeroGradient;
    }
}


// ************************************************************************* //
