/*--------------------------------*- C++ -*----------------------------------*\
| =========                 |                                                 |
| \\      /  F ield         | OpenFOAM: The Open Source CFD Toolbox           |
|  \\    /   O peration     | Version:  2406                                  |
|   \\  /    A nd           | Website:  www.openfoam.com                      |
|    \\/     M anipulation  |                                                 |
\*---------------------------------------------------------------------------*/
FoamFile
{
    version     2.0;
    format      ascii;
    arch        "LSB;label=32;scalar=64";
    class       volScalarField;
    location    "0.6/fluidRegion";
    object      p_rgh;
}
// * * * * * * * * * * * * * * * * * * * * * * * * * * * * * * * * * * * * * //

dimensions      [1 -1 -2 0 0 0 0];

internalField   nonuniform List<scalar> 
75
(
7.2296e+06
7.2296e+06
7.2296e+06
7.2296e+06
7.2296e+06
7.2296e+06
7.22768e+06
7.22699e+06
7.22691e+06
7.22683e+06
7.22675e+06
7.22666e+06
7.22658e+06
7.2265e+06
7.22642e+06
7.22633e+06
7.22624e+06
7.22611e+06
7.22597e+06
7.2258e+06
7.22561e+06
7.2254e+06
7.22519e+06
7.22496e+06
7.22471e+06
7.22446e+06
7.22419e+06
7.2239e+06
7.2236e+06
7.22328e+06
7.22295e+06
7.2226e+06
7.22222e+06
7.22183e+06
7.22143e+06
7.22101e+06
7.22058e+06
7.22014e+06
7.21969e+06
7.21924e+06
7.21877e+06
7.2183e+06
7.21782e+06
7.21734e+06
7.21685e+06
7.21635e+06
7.21584e+06
7.21534e+06
7.21482e+06
7.2143e+06
7.21378e+06
7.21325e+06
7.21271e+06
7.21217e+06
7.21163e+06
7.21109e+06
7.21054e+06
7.20999e+06
7.20943e+06
7.20887e+06
7.20831e+06
7.20775e+06
7.20718e+06
7.20662e+06
7.20605e+06
7.20548e+06
7.2049e+06
7.20433e+06
7.20375e+06
7.20318e+06
7.2026e+06
7.20202e+06
7.20145e+06
7.20087e+06
7.20029e+06
)
;

boundaryField
{
    inlet
    {
        type            fixedFluxPressure;
        gradient        uniform -0.000230253;
        value           uniform 7.2296e+06;
    }
    outlet
    {
        type            fixedValue;
        value           uniform 7.2e+06;
    }
    fixedWalls
    {
        type            fixedFluxPressure;
        gradient        nonuniform List<scalar> 
300
(
0
0
0
0
0
0
0
0
0
0
0
0
0
0
4.3742e-17
-1.20401e-18
-4.53848e-17
0
0
0
0
1.41986e-16
-5.40209e-18
-1.17289e-16
0
0
0
0
0
0
0
0
0
0
0
0
0
0
0
0
0
0
0
0
0
-3.30878e-16
7.26961e-18
3.23452e-16
0
0
0
0
-3.29984e-16
3.44104e-18
3.25606e-16
0
0
0
0
0
-3.30489e-16
1.65212e-18
3.2802e-16
0
0
0
0
-3.3125e-16
1.60824e-18
3.29895e-16
0
0
0
0
0
0
0
0
0
0
0
0
0
0
0
0
0
0
0
-4.3742e-17
1.20401e-18
4.53848e-17
0
0
0
0
-1.41986e-16
5.40209e-18
1.17289e-16
0
0
0
0
0
0
0
0
0
0
0
0
0
0
0
0
0
0
0
0
0
3.30878e-16
-7.26961e-18
-3.23452e-16
0
0
0
0
3.29984e-16
-3.44104e-18
-3.25606e-16
0
0
0
0
0
3.30489e-16
-1.65212e-18
-3.2802e-16
0
0
0
0
3.3125e-16
-1.60824e-18
-3.29895e-16
0
0
0
0
0
0
0
0
0
0
0
0
0
0
0
0
0
0
0
4.3742e-17
-1.20401e-18
-4.53848e-17
0
0
0
0
1.41986e-16
-5.40209e-18
-1.17289e-16
0
0
0
0
0
0
0
0
0
0
0
0
0
0
0
0
0
0
0
0
0
-3.30878e-16
7.26961e-18
3.23452e-16
0
0
0
0
-3.29984e-16
3.44104e-18
3.25606e-16
0
0
0
0
0
-3.30489e-16
1.65212e-18
3.2802e-16
0
0
0
0
-3.3125e-16
1.60824e-18
3.29895e-16
0
0
0
0
0
0
0
0
0
0
0
0
0
0
0
0
0
0
0
-4.3742e-17
1.20401e-18
4.53848e-17
0
0
0
0
-1.41986e-16
5.40209e-18
1.17289e-16
0
0
0
0
0
0
0
0
0
0
0
0
0
0
0
0
0
0
0
0
0
3.30878e-16
-7.26961e-18
-3.23452e-16
0
0
0
0
3.29984e-16
-3.44104e-18
-3.25606e-16
0
0
0
0
0
3.30489e-16
-1.65212e-18
-3.2802e-16
0
0
0
0
3.3125e-16
-1.60824e-18
-3.29895e-16
0
0
0
0
0
)
;
        value           nonuniform List<scalar> 
300
(
7.2296e+06
7.2296e+06
7.2296e+06
7.2296e+06
7.2296e+06
7.2296e+06
7.22768e+06
7.22699e+06
7.22691e+06
7.22683e+06
7.22675e+06
7.22666e+06
7.22658e+06
7.2265e+06
7.22642e+06
7.22633e+06
7.22624e+06
7.22611e+06
7.22597e+06
7.2258e+06
7.22561e+06
7.2254e+06
7.22519e+06
7.22496e+06
7.22471e+06
7.22446e+06
7.22419e+06
7.2239e+06
7.2236e+06
7.22328e+06
7.22295e+06
7.2226e+06
7.22222e+06
7.22183e+06
7.22143e+06
7.22101e+06
7.22058e+06
7.22014e+06
7.21969e+06
7.21924e+06
7.21877e+06
7.2183e+06
7.21782e+06
7.21734e+06
7.21685e+06
7.21635e+06
7.21584e+06
7.21534e+06
7.21482e+06
7.2143e+06
7.21378e+06
7.21325e+06
7.21271e+06
7.21217e+06
7.21163e+06
7.21109e+06
7.21054e+06
7.20999e+06
7.20943e+06
7.20887e+06
7.20831e+06
7.20775e+06
7.20718e+06
7.20662e+06
7.20605e+06
7.20548e+06
7.2049e+06
7.20433e+06
7.20375e+06
7.20318e+06
7.2026e+06
7.20202e+06
7.20145e+06
7.20087e+06
7.20029e+06
7.2296e+06
7.2296e+06
7.2296e+06
7.2296e+06
7.2296e+06
7.2296e+06
7.22768e+06
7.22699e+06
7.22691e+06
7.22683e+06
7.22675e+06
7.22666e+06
7.22658e+06
7.2265e+06
7.22642e+06
7.22633e+06
7.22624e+06
7.22611e+06
7.22597e+06
7.2258e+06
7.22561e+06
7.2254e+06
7.22519e+06
7.22496e+06
7.22471e+06
7.22446e+06
7.22419e+06
7.2239e+06
7.2236e+06
7.22328e+06
7.22295e+06
7.2226e+06
7.22222e+06
7.22183e+06
7.22143e+06
7.22101e+06
7.22058e+06
7.22014e+06
7.21969e+06
7.21924e+06
7.21877e+06
7.2183e+06
7.21782e+06
7.21734e+06
7.21685e+06
7.21635e+06
7.21584e+06
7.21534e+06
7.21482e+06
7.2143e+06
7.21378e+06
7.21325e+06
7.21271e+06
7.21217e+06
7.21163e+06
7.21109e+06
7.21054e+06
7.20999e+06
7.20943e+06
7.20887e+06
7.20831e+06
7.20775e+06
7.20718e+06
7.20662e+06
7.20605e+06
7.20548e+06
7.2049e+06
7.20433e+06
7.20375e+06
7.20318e+06
7.2026e+06
7.20202e+06
7.20145e+06
7.20087e+06
7.20029e+06
7.2296e+06
7.2296e+06
7.2296e+06
7.2296e+06
7.2296e+06
7.2296e+06
7.22768e+06
7.22699e+06
7.22691e+06
7.22683e+06
7.22675e+06
7.22666e+06
7.22658e+06
7.2265e+06
7.22642e+06
7.22633e+06
7.22624e+06
7.22611e+06
7.22597e+06
7.2258e+06
7.22561e+06
7.2254e+06
7.22519e+06
7.22496e+06
7.22471e+06
7.22446e+06
7.22419e+06
7.2239e+06
7.2236e+06
7.22328e+06
7.22295e+06
7.2226e+06
7.22222e+06
7.22183e+06
7.22143e+06
7.22101e+06
7.22058e+06
7.22014e+06
7.21969e+06
7.21924e+06
7.21877e+06
7.2183e+06
7.21782e+06
7.21734e+06
7.21685e+06
7.21635e+06
7.21584e+06
7.21534e+06
7.21482e+06
7.2143e+06
7.21378e+06
7.21325e+06
7.21271e+06
7.21217e+06
7.21163e+06
7.21109e+06
7.21054e+06
7.20999e+06
7.20943e+06
7.20887e+06
7.20831e+06
7.20775e+06
7.20718e+06
7.20662e+06
7.20605e+06
7.20548e+06
7.2049e+06
7.20433e+06
7.20375e+06
7.20318e+06
7.2026e+06
7.20202e+06
7.20145e+06
7.20087e+06
7.20029e+06
7.2296e+06
7.2296e+06
7.2296e+06
7.2296e+06
7.2296e+06
7.2296e+06
7.22768e+06
7.22699e+06
7.22691e+06
7.22683e+06
7.22675e+06
7.22666e+06
7.22658e+06
7.2265e+06
7.22642e+06
7.22633e+06
7.22624e+06
7.22611e+06
7.22597e+06
7.2258e+06
7.22561e+06
7.2254e+06
7.22519e+06
7.22496e+06
7.22471e+06
7.22446e+06
7.22419e+06
7.2239e+06
7.2236e+06
7.22328e+06
7.22295e+06
7.2226e+06
7.22222e+06
7.22183e+06
7.22143e+06
7.22101e+06
7.22058e+06
7.22014e+06
7.21969e+06
7.21924e+06
7.21877e+06
7.2183e+06
7.21782e+06
7.21734e+06
7.21685e+06
7.21635e+06
7.21584e+06
7.21534e+06
7.21482e+06
7.2143e+06
7.21378e+06
7.21325e+06
7.21271e+06
7.21217e+06
7.21163e+06
7.21109e+06
7.21054e+06
7.20999e+06
7.20943e+06
7.20887e+06
7.20831e+06
7.20775e+06
7.20718e+06
7.20662e+06
7.20605e+06
7.20548e+06
7.2049e+06
7.20433e+06
7.20375e+06
7.20318e+06
7.2026e+06
7.20202e+06
7.20145e+06
7.20087e+06
7.20029e+06
)
;
    }
}


// ************************************************************************* //
