/*--------------------------------*- C++ -*----------------------------------*\
| =========                 |                                                 |
| \\      /  F ield         | OpenFOAM: The Open Source CFD Toolbox           |
|  \\    /   O peration     | Version:  2406                                  |
|   \\  /    A nd           | Website:  www.openfoam.com                      |
|    \\/     M anipulation  |                                                 |
\*---------------------------------------------------------------------------*/
FoamFile
{
    version     2.0;
    format      ascii;
    arch        "LSB;label=32;scalar=64";
    class       volTensorField;
    location    "30/fluidRegion";
    object      KdTotU;
}
// * * * * * * * * * * * * * * * * * * * * * * * * * * * * * * * * * * * * * //

dimensions      [1 -2 -2 0 0 0 0];

internalField   nonuniform List<tensor> 
75
(
(539.428 0 0 0 539.428 0 0 0 539.428)
(539.428 0 0 0 539.428 0 0 0 539.428)
(539.428 0 0 0 539.428 0 0 0 539.428)
(539.428 0 0 0 539.428 0 0 0 539.428)
(539.428 0 0 0 539.428 0 0 0 539.428)
(539.353 0 0 0 539.353 0 0 0 539.353)
(539.261 0 0 0 539.261 0 0 0 539.261)
(539.15 0 0 0 539.15 0 0 0 539.15)
(539.023 0 0 0 539.023 0 0 0 539.023)
(538.883 0 0 0 538.883 0 0 0 538.883)
(538.734 0 0 0 538.734 0 0 0 538.734)
(538.58 0 0 0 538.58 0 0 0 538.58)
(538.428 0 0 0 538.428 0 0 0 538.428)
(538.283 0 0 0 538.283 0 0 0 538.283)
(538.15 0 0 0 538.15 0 0 0 538.15)
(538.034 0 0 0 538.034 0 0 0 538.034)
(537.942 0 0 0 537.942 0 0 0 537.942)
(537.878 0 0 0 537.878 0 0 0 537.878)
(557.939 0 0 0 557.939 0 0 0 557.939)
(595.065 0 0 0 595.065 0 0 0 595.065)
(644.312 0 0 0 644.312 0 0 0 644.312)
(704.434 0 0 0 704.434 0 0 0 704.434)
(774.795 0 0 0 774.795 0 0 0 774.795)
(855.56 0 0 0 855.56 0 0 0 855.56)
(947.14 0 0 0 947.14 0 0 0 947.14)
(1049.98 0 0 0 1049.98 0 0 0 1049.98)
(1164.19 0 0 0 1164.19 0 0 0 1164.19)
(1288.9 0 0 0 1288.9 0 0 0 1288.9)
(1420.31 0 0 0 1420.31 0 0 0 1420.31)
(1556.94 0 0 0 1556.94 0 0 0 1556.94)
(1698.97 0 0 0 1698.97 0 0 0 1698.97)
(1848.49 0 0 0 1848.49 0 0 0 1848.49)
(2007.89 0 0 0 2007.89 0 0 0 2007.89)
(2170.14 0 0 0 2170.14 0 0 0 2170.14)
(2329.01 0 0 0 2329.01 0 0 0 2329.01)
(2482.56 0 0 0 2482.56 0 0 0 2482.56)
(2629.04 0 0 0 2629.04 0 0 0 2629.04)
(2767.71 0 0 0 2767.71 0 0 0 2767.71)
(2898.86 0 0 0 2898.86 0 0 0 2898.86)
(3022.93 0 0 0 3022.93 0 0 0 3022.93)
(3140.33 0 0 0 3140.33 0 0 0 3140.33)
(3251.45 0 0 0 3251.45 0 0 0 3251.45)
(3356.64 0 0 0 3356.64 0 0 0 3356.64)
(3456.26 0 0 0 3456.26 0 0 0 3456.26)
(3550.59 0 0 0 3550.59 0 0 0 3550.59)
(3639.91 0 0 0 3639.91 0 0 0 3639.91)
(3724.49 0 0 0 3724.49 0 0 0 3724.49)
(3804.59 0 0 0 3804.59 0 0 0 3804.59)
(3880.44 0 0 0 3880.44 0 0 0 3880.44)
(3952.24 0 0 0 3952.24 0 0 0 3952.24)
(4020.2 0 0 0 4020.2 0 0 0 4020.2)
(4084.5 0 0 0 4084.5 0 0 0 4084.5)
(4145.31 0 0 0 4145.31 0 0 0 4145.31)
(4202.78 0 0 0 4202.78 0 0 0 4202.78)
(4257.08 0 0 0 4257.08 0 0 0 4257.08)
(4308.32 0 0 0 4308.32 0 0 0 4308.32)
(4356.65 0 0 0 4356.65 0 0 0 4356.65)
(4402.17 0 0 0 4402.17 0 0 0 4402.17)
(4445.01 0 0 0 4445.01 0 0 0 4445.01)
(4485.25 0 0 0 4485.25 0 0 0 4485.25)
(4523.01 0 0 0 4523.01 0 0 0 4523.01)
(4558.36 0 0 0 4558.36 0 0 0 4558.36)
(4591.4 0 0 0 4591.4 0 0 0 4591.4)
(4622.19 0 0 0 4622.19 0 0 0 4622.19)
(4650.82 0 0 0 4650.82 0 0 0 4650.82)
(4677.35 0 0 0 4677.35 0 0 0 4677.35)
(4701.84 0 0 0 4701.84 0 0 0 4701.84)
(4724.37 0 0 0 4724.37 0 0 0 4724.37)
(4744.98 0 0 0 4744.98 0 0 0 4744.98)
(4763.74 0 0 0 4763.74 0 0 0 4763.74)
(4780.71 0 0 0 4780.71 0 0 0 4780.71)
(4795.94 0 0 0 4795.94 0 0 0 4795.94)
(4809.49 0 0 0 4809.49 0 0 0 4809.49)
(4821.42 0 0 0 4821.42 0 0 0 4821.42)
(4831.82 0 0 0 4831.82 0 0 0 4831.82)
)
;

boundaryField
{
    inlet
    {
        type            zeroGradient;
    }
    outlet
    {
        type            zeroGradient;
    }
    fixedWalls
    {
        type            zeroGradient;
    }
}


// ************************************************************************* //
