/*--------------------------------*- C++ -*----------------------------------*\
| =========                 |                                                 |
| \\      /  F ield         | OpenFOAM: The Open Source CFD Toolbox           |
|  \\    /   O peration     | Version:  2406                                  |
|   \\  /    A nd           | Website:  www.openfoam.com                      |
|    \\/     M anipulation  |                                                 |
\*---------------------------------------------------------------------------*/
FoamFile
{
    version     2.0;
    format      ascii;
    arch        "LSB;label=32;scalar=64";
    class       volScalarField;
    location    "30/fluidRegion";
    object      p;
}
// * * * * * * * * * * * * * * * * * * * * * * * * * * * * * * * * * * * * * //

dimensions      [1 -1 -2 0 0 0 0];

internalField   nonuniform List<scalar> 
75
(
7.20939e+06
7.20937e+06
7.20935e+06
7.20933e+06
7.2093e+06
7.20928e+06
7.20926e+06
7.20923e+06
7.20921e+06
7.20919e+06
7.20916e+06
7.20914e+06
7.20911e+06
7.20909e+06
7.20906e+06
7.20904e+06
7.20902e+06
7.20899e+06
7.20896e+06
7.20893e+06
7.2089e+06
7.20886e+06
7.20881e+06
7.20876e+06
7.2087e+06
7.20864e+06
7.20856e+06
7.20848e+06
7.2084e+06
7.2083e+06
7.2082e+06
7.20809e+06
7.20798e+06
7.20785e+06
7.20772e+06
7.20759e+06
7.20744e+06
7.20729e+06
7.20714e+06
7.20699e+06
7.20683e+06
7.20666e+06
7.2065e+06
7.20633e+06
7.20615e+06
7.20598e+06
7.2058e+06
7.20562e+06
7.20543e+06
7.20525e+06
7.20506e+06
7.20487e+06
7.20467e+06
7.20448e+06
7.20428e+06
7.20408e+06
7.20388e+06
7.20368e+06
7.20348e+06
7.20327e+06
7.20307e+06
7.20286e+06
7.20265e+06
7.20245e+06
7.20224e+06
7.20203e+06
7.20181e+06
7.2016e+06
7.20139e+06
7.20118e+06
7.20096e+06
7.20075e+06
7.20054e+06
7.20032e+06
7.20011e+06
)
;

boundaryField
{
    inlet
    {
        type            calculated;
        value           uniform 7.2094e+06;
    }
    outlet
    {
        type            calculated;
        value           uniform 7.2e+06;
    }
    fixedWalls
    {
        type            calculated;
        value           nonuniform List<scalar> 
300
(
7.20939e+06
7.20937e+06
7.20935e+06
7.20933e+06
7.2093e+06
7.20928e+06
7.20926e+06
7.20923e+06
7.20921e+06
7.20919e+06
7.20916e+06
7.20914e+06
7.20911e+06
7.20909e+06
7.20906e+06
7.20904e+06
7.20902e+06
7.20899e+06
7.20896e+06
7.20893e+06
7.2089e+06
7.20886e+06
7.20881e+06
7.20876e+06
7.2087e+06
7.20864e+06
7.20856e+06
7.20848e+06
7.2084e+06
7.2083e+06
7.2082e+06
7.20809e+06
7.20798e+06
7.20785e+06
7.20772e+06
7.20759e+06
7.20744e+06
7.20729e+06
7.20714e+06
7.20699e+06
7.20683e+06
7.20666e+06
7.2065e+06
7.20633e+06
7.20615e+06
7.20598e+06
7.2058e+06
7.20562e+06
7.20543e+06
7.20525e+06
7.20506e+06
7.20487e+06
7.20467e+06
7.20448e+06
7.20428e+06
7.20408e+06
7.20388e+06
7.20368e+06
7.20348e+06
7.20327e+06
7.20307e+06
7.20286e+06
7.20265e+06
7.20245e+06
7.20224e+06
7.20203e+06
7.20181e+06
7.2016e+06
7.20139e+06
7.20118e+06
7.20096e+06
7.20075e+06
7.20054e+06
7.20032e+06
7.20011e+06
7.20939e+06
7.20937e+06
7.20935e+06
7.20933e+06
7.2093e+06
7.20928e+06
7.20926e+06
7.20923e+06
7.20921e+06
7.20919e+06
7.20916e+06
7.20914e+06
7.20911e+06
7.20909e+06
7.20906e+06
7.20904e+06
7.20902e+06
7.20899e+06
7.20896e+06
7.20893e+06
7.2089e+06
7.20886e+06
7.20881e+06
7.20876e+06
7.2087e+06
7.20864e+06
7.20856e+06
7.20848e+06
7.2084e+06
7.2083e+06
7.2082e+06
7.20809e+06
7.20798e+06
7.20785e+06
7.20772e+06
7.20759e+06
7.20744e+06
7.20729e+06
7.20714e+06
7.20699e+06
7.20683e+06
7.20666e+06
7.2065e+06
7.20633e+06
7.20615e+06
7.20598e+06
7.2058e+06
7.20562e+06
7.20543e+06
7.20525e+06
7.20506e+06
7.20487e+06
7.20467e+06
7.20448e+06
7.20428e+06
7.20408e+06
7.20388e+06
7.20368e+06
7.20348e+06
7.20327e+06
7.20307e+06
7.20286e+06
7.20265e+06
7.20245e+06
7.20224e+06
7.20203e+06
7.20181e+06
7.2016e+06
7.20139e+06
7.20118e+06
7.20096e+06
7.20075e+06
7.20054e+06
7.20032e+06
7.20011e+06
7.20939e+06
7.20937e+06
7.20935e+06
7.20933e+06
7.2093e+06
7.20928e+06
7.20926e+06
7.20923e+06
7.20921e+06
7.20919e+06
7.20916e+06
7.20914e+06
7.20911e+06
7.20909e+06
7.20906e+06
7.20904e+06
7.20902e+06
7.20899e+06
7.20896e+06
7.20893e+06
7.2089e+06
7.20886e+06
7.20881e+06
7.20876e+06
7.2087e+06
7.20864e+06
7.20856e+06
7.20848e+06
7.2084e+06
7.2083e+06
7.2082e+06
7.20809e+06
7.20798e+06
7.20785e+06
7.20772e+06
7.20759e+06
7.20744e+06
7.20729e+06
7.20714e+06
7.20699e+06
7.20683e+06
7.20666e+06
7.2065e+06
7.20633e+06
7.20615e+06
7.20598e+06
7.2058e+06
7.20562e+06
7.20543e+06
7.20525e+06
7.20506e+06
7.20487e+06
7.20467e+06
7.20448e+06
7.20428e+06
7.20408e+06
7.20388e+06
7.20368e+06
7.20348e+06
7.20327e+06
7.20307e+06
7.20286e+06
7.20265e+06
7.20245e+06
7.20224e+06
7.20203e+06
7.20181e+06
7.2016e+06
7.20139e+06
7.20118e+06
7.20096e+06
7.20075e+06
7.20054e+06
7.20032e+06
7.20011e+06
7.20939e+06
7.20937e+06
7.20935e+06
7.20933e+06
7.2093e+06
7.20928e+06
7.20926e+06
7.20923e+06
7.20921e+06
7.20919e+06
7.20916e+06
7.20914e+06
7.20911e+06
7.20909e+06
7.20906e+06
7.20904e+06
7.20902e+06
7.20899e+06
7.20896e+06
7.20893e+06
7.2089e+06
7.20886e+06
7.20881e+06
7.20876e+06
7.2087e+06
7.20864e+06
7.20856e+06
7.20848e+06
7.2084e+06
7.2083e+06
7.2082e+06
7.20809e+06
7.20798e+06
7.20785e+06
7.20772e+06
7.20759e+06
7.20744e+06
7.20729e+06
7.20714e+06
7.20699e+06
7.20683e+06
7.20666e+06
7.2065e+06
7.20633e+06
7.20615e+06
7.20598e+06
7.2058e+06
7.20562e+06
7.20543e+06
7.20525e+06
7.20506e+06
7.20487e+06
7.20467e+06
7.20448e+06
7.20428e+06
7.20408e+06
7.20388e+06
7.20368e+06
7.20348e+06
7.20327e+06
7.20307e+06
7.20286e+06
7.20265e+06
7.20245e+06
7.20224e+06
7.20203e+06
7.20181e+06
7.2016e+06
7.20139e+06
7.20118e+06
7.20096e+06
7.20075e+06
7.20054e+06
7.20032e+06
7.20011e+06
)
;
    }
}


// ************************************************************************* //
