/*--------------------------------*- C++ -*----------------------------------*\
| =========                 |                                                 |
| \\      /  F ield         | OpenFOAM: The Open Source CFD Toolbox           |
|  \\    /   O peration     | Version:  2406                                  |
|   \\  /    A nd           | Website:  www.openfoam.com                      |
|    \\/     M anipulation  |                                                 |
\*---------------------------------------------------------------------------*/
FoamFile
{
    version     2.0;
    format      ascii;
    arch        "LSB;label=32;scalar=64";
    class       volTensorField;
    location    "0.6/fluidRegion";
    object      KdTotU;
}
// * * * * * * * * * * * * * * * * * * * * * * * * * * * * * * * * * * * * * //

dimensions      [1 -2 -2 0 0 0 0];

internalField   nonuniform List<tensor> 
75
(
(0 0 0 0 0 0 0 0 0)
(0 0 0 0 0 0 0 0 0)
(0 0 0 0 0 0 0 0 0)
(0 0 0 0 0 0 0 0 0)
(0 0 0 0 0 0 0 0 0)
(1083.67 0 0 0 1083.67 0 0 0 1083.67)
(1781.79 0 0 0 1781.79 0 0 0 1781.79)
(1781.31 0 0 0 1781.31 0 0 0 1781.31)
(1780.77 0 0 0 1780.77 0 0 0 1780.77)
(1780.18 0 0 0 1780.18 0 0 0 1780.18)
(1779.58 0 0 0 1779.58 0 0 0 1779.58)
(1778.98 0 0 0 1778.98 0 0 0 1778.98)
(1778.42 0 0 0 1778.42 0 0 0 1778.42)
(1777.93 0 0 0 1777.93 0 0 0 1777.93)
(1777.53 0 0 0 1777.53 0 0 0 1777.53)
(1816.13 0 0 0 1816.13 0 0 0 1816.13)
(1933.99 0 0 0 1933.99 0 0 0 1933.99)
(2110.14 0 0 0 2110.14 0 0 0 2110.14)
(2327.61 0 0 0 2327.61 0 0 0 2327.61)
(2578.35 0 0 0 2578.35 0 0 0 2578.35)
(2850.68 0 0 0 2850.68 0 0 0 2850.68)
(3120.61 0 0 0 3120.61 0 0 0 3120.61)
(3387.26 0 0 0 3387.26 0 0 0 3387.26)
(3656.87 0 0 0 3656.87 0 0 0 3656.87)
(3933.59 0 0 0 3933.59 0 0 0 3933.59)
(4220.15 0 0 0 4220.15 0 0 0 4220.15)
(4518.47 0 0 0 4518.47 0 0 0 4518.47)
(4829.46 0 0 0 4829.46 0 0 0 4829.46)
(5153.17 0 0 0 5153.17 0 0 0 5153.17)
(5488.77 0 0 0 5488.77 0 0 0 5488.77)
(5835.16 0 0 0 5835.16 0 0 0 5835.16)
(6201.39 0 0 0 6201.39 0 0 0 6201.39)
(6578.21 0 0 0 6578.21 0 0 0 6578.21)
(6951.98 0 0 0 6951.98 0 0 0 6951.98)
(7316.54 0 0 0 7316.54 0 0 0 7316.54)
(7665.99 0 0 0 7665.99 0 0 0 7665.99)
(7997.29 0 0 0 7997.29 0 0 0 7997.29)
(8310.74 0 0 0 8310.74 0 0 0 8310.74)
(8607.34 0 0 0 8607.34 0 0 0 8607.34)
(8888.05 0 0 0 8888.05 0 0 0 8888.05)
(9153.81 0 0 0 9153.81 0 0 0 9153.81)
(9405.47 0 0 0 9405.47 0 0 0 9405.47)
(9643.86 0 0 0 9643.86 0 0 0 9643.86)
(9869.74 0 0 0 9869.74 0 0 0 9869.74)
(10083.8 0 0 0 10083.8 0 0 0 10083.8)
(10286.6 0 0 0 10286.6 0 0 0 10286.6)
(10478.8 0 0 0 10478.8 0 0 0 10478.8)
(10661 0 0 0 10661 0 0 0 10661)
(10833.7 0 0 0 10833.7 0 0 0 10833.7)
(10997.3 0 0 0 10997.3 0 0 0 10997.3)
(11152.4 0 0 0 11152.4 0 0 0 11152.4)
(11299.3 0 0 0 11299.3 0 0 0 11299.3)
(11438.4 0 0 0 11438.4 0 0 0 11438.4)
(11570.2 0 0 0 11570.2 0 0 0 11570.2)
(11694.8 0 0 0 11694.8 0 0 0 11694.8)
(11812.7 0 0 0 11812.7 0 0 0 11812.7)
(11924 0 0 0 11924 0 0 0 11924)
(12029.2 0 0 0 12029.2 0 0 0 12029.2)
(12128.4 0 0 0 12128.4 0 0 0 12128.4)
(12221.9 0 0 0 12221.9 0 0 0 12221.9)
(12309.9 0 0 0 12309.9 0 0 0 12309.9)
(12392.6 0 0 0 12392.6 0 0 0 12392.6)
(12470.2 0 0 0 12470.2 0 0 0 12470.2)
(12542.9 0 0 0 12542.9 0 0 0 12542.9)
(12610.7 0 0 0 12610.7 0 0 0 12610.7)
(12673.9 0 0 0 12673.9 0 0 0 12673.9)
(12732.4 0 0 0 12732.4 0 0 0 12732.4)
(12786.2 0 0 0 12786.2 0 0 0 12786.2)
(12835.4 0 0 0 12835.4 0 0 0 12835.4)
(12879.7 0 0 0 12879.7 0 0 0 12879.7)
(12919.1 0 0 0 12919.1 0 0 0 12919.1)
(12953.5 0 0 0 12953.5 0 0 0 12953.5)
(12983.4 0 0 0 12983.4 0 0 0 12983.4)
(13009.9 0 0 0 13009.9 0 0 0 13009.9)
(13034.6 0 0 0 13034.6 0 0 0 13034.6)
)
;

boundaryField
{
    inlet
    {
        type            zeroGradient;
    }
    outlet
    {
        type            zeroGradient;
    }
    fixedWalls
    {
        type            zeroGradient;
    }
}


// ************************************************************************* //
