/*--------------------------------*- C++ -*----------------------------------*\
| =========                 |                                                 |
| \\      /  F ield         | OpenFOAM: The Open Source CFD Toolbox           |
|  \\    /   O peration     | Version:  2406                                  |
|   \\  /    A nd           | Website:  www.openfoam.com                      |
|    \\/     M anipulation  |                                                 |
\*---------------------------------------------------------------------------*/
FoamFile
{
    version     2.0;
    format      ascii;
    arch        "LSB;label=32;scalar=64";
    class       volScalarField;
    location    "0.6/fluidRegion";
    object      p_rgh;
}
// * * * * * * * * * * * * * * * * * * * * * * * * * * * * * * * * * * * * * //

dimensions      [1 -1 -2 0 0 0 0];

internalField   nonuniform List<scalar> 
75
(
7.2296e+06
7.2296e+06
7.2296e+06
7.2296e+06
7.2296e+06
7.2296e+06
7.22768e+06
7.22699e+06
7.22691e+06
7.22683e+06
7.22675e+06
7.22667e+06
7.22658e+06
7.2265e+06
7.22642e+06
7.22633e+06
7.22624e+06
7.22612e+06
7.22597e+06
7.2258e+06
7.22561e+06
7.22541e+06
7.22519e+06
7.22496e+06
7.22472e+06
7.22446e+06
7.22419e+06
7.22391e+06
7.2236e+06
7.22329e+06
7.22295e+06
7.2226e+06
7.22222e+06
7.22183e+06
7.22143e+06
7.22101e+06
7.22058e+06
7.22014e+06
7.2197e+06
7.21924e+06
7.21878e+06
7.2183e+06
7.21783e+06
7.21734e+06
7.21685e+06
7.21635e+06
7.21585e+06
7.21534e+06
7.21482e+06
7.2143e+06
7.21378e+06
7.21325e+06
7.21271e+06
7.21217e+06
7.21163e+06
7.21109e+06
7.21054e+06
7.20999e+06
7.20943e+06
7.20887e+06
7.20831e+06
7.20775e+06
7.20718e+06
7.20662e+06
7.20605e+06
7.20548e+06
7.2049e+06
7.20433e+06
7.20375e+06
7.20318e+06
7.2026e+06
7.20202e+06
7.20145e+06
7.20087e+06
7.20029e+06
)
;

boundaryField
{
    inlet
    {
        type            fixedFluxPressure;
        gradient        uniform -0.000227386;
        value           uniform 7.2296e+06;
    }
    outlet
    {
        type            fixedValue;
        value           uniform 7.2e+06;
    }
    fixedWalls
    {
        type            fixedFluxPressure;
        gradient        nonuniform List<scalar> 
300
(
0
0
0
0
0
0
0
0
0
0
0
0
0
0
8.71037e-17
0
-8.09874e-17
0
0
0
0
1.58496e-16
-5.40317e-18
-1.31137e-16
0
0
0
0
0
0
0
0
0
0
0
0
0
0
0
0
0
0
0
0
0
-3.30849e-16
3.70578e-18
3.23426e-16
0
0
0
0
-3.29964e-16
3.44084e-18
3.25588e-16
0
0
0
0
0
-3.30475e-16
1.65205e-18
3.28007e-16
0
0
0
0
-3.31241e-16
1.60821e-18
3.29889e-16
0
0
0
0
0
0
0
0
0
0
0
0
0
0
0
0
0
0
0
-8.71037e-17
0
8.09874e-17
0
0
0
0
-1.58496e-16
5.40317e-18
1.31137e-16
0
0
0
0
0
0
0
0
0
0
0
0
0
0
0
0
0
0
0
0
0
3.30849e-16
-3.70578e-18
-3.23426e-16
0
0
0
0
3.29964e-16
-3.44084e-18
-3.25588e-16
0
0
0
0
0
3.30475e-16
-1.65205e-18
-3.28007e-16
0
0
0
0
3.31241e-16
-1.60821e-18
-3.29889e-16
0
0
0
0
0
0
0
0
0
0
0
0
0
0
0
0
0
0
0
8.71037e-17
0
-8.09874e-17
0
0
0
0
1.58496e-16
-5.40317e-18
-1.31137e-16
0
0
0
0
0
0
0
0
0
0
0
0
0
0
0
0
0
0
0
0
0
-3.30849e-16
3.70578e-18
3.23426e-16
0
0
0
0
-3.29964e-16
3.44084e-18
3.25588e-16
0
0
0
0
0
-3.30475e-16
1.65205e-18
3.28007e-16
0
0
0
0
-3.31241e-16
1.60821e-18
3.29889e-16
0
0
0
0
0
0
0
0
0
0
0
0
0
0
0
0
0
0
0
-8.71037e-17
0
8.09874e-17
0
0
0
0
-1.58496e-16
5.40317e-18
1.31137e-16
0
0
0
0
0
0
0
0
0
0
0
0
0
0
0
0
0
0
0
0
0
3.30849e-16
-3.70578e-18
-3.23426e-16
0
0
0
0
3.29964e-16
-3.44084e-18
-3.25588e-16
0
0
0
0
0
3.30475e-16
-1.65205e-18
-3.28007e-16
0
0
0
0
3.31241e-16
-1.60821e-18
-3.29889e-16
0
0
0
0
0
)
;
        value           nonuniform List<scalar> 
300
(
7.2296e+06
7.2296e+06
7.2296e+06
7.2296e+06
7.2296e+06
7.2296e+06
7.22768e+06
7.22699e+06
7.22691e+06
7.22683e+06
7.22675e+06
7.22667e+06
7.22658e+06
7.2265e+06
7.22642e+06
7.22633e+06
7.22624e+06
7.22612e+06
7.22597e+06
7.2258e+06
7.22561e+06
7.22541e+06
7.22519e+06
7.22496e+06
7.22472e+06
7.22446e+06
7.22419e+06
7.22391e+06
7.2236e+06
7.22329e+06
7.22295e+06
7.2226e+06
7.22222e+06
7.22183e+06
7.22143e+06
7.22101e+06
7.22058e+06
7.22014e+06
7.2197e+06
7.21924e+06
7.21878e+06
7.2183e+06
7.21783e+06
7.21734e+06
7.21685e+06
7.21635e+06
7.21585e+06
7.21534e+06
7.21482e+06
7.2143e+06
7.21378e+06
7.21325e+06
7.21271e+06
7.21217e+06
7.21163e+06
7.21109e+06
7.21054e+06
7.20999e+06
7.20943e+06
7.20887e+06
7.20831e+06
7.20775e+06
7.20718e+06
7.20662e+06
7.20605e+06
7.20548e+06
7.2049e+06
7.20433e+06
7.20375e+06
7.20318e+06
7.2026e+06
7.20202e+06
7.20145e+06
7.20087e+06
7.20029e+06
7.2296e+06
7.2296e+06
7.2296e+06
7.2296e+06
7.2296e+06
7.2296e+06
7.22768e+06
7.22699e+06
7.22691e+06
7.22683e+06
7.22675e+06
7.22667e+06
7.22658e+06
7.2265e+06
7.22642e+06
7.22633e+06
7.22624e+06
7.22612e+06
7.22597e+06
7.2258e+06
7.22561e+06
7.22541e+06
7.22519e+06
7.22496e+06
7.22472e+06
7.22446e+06
7.22419e+06
7.22391e+06
7.2236e+06
7.22329e+06
7.22295e+06
7.2226e+06
7.22222e+06
7.22183e+06
7.22143e+06
7.22101e+06
7.22058e+06
7.22014e+06
7.2197e+06
7.21924e+06
7.21878e+06
7.2183e+06
7.21783e+06
7.21734e+06
7.21685e+06
7.21635e+06
7.21585e+06
7.21534e+06
7.21482e+06
7.2143e+06
7.21378e+06
7.21325e+06
7.21271e+06
7.21217e+06
7.21163e+06
7.21109e+06
7.21054e+06
7.20999e+06
7.20943e+06
7.20887e+06
7.20831e+06
7.20775e+06
7.20718e+06
7.20662e+06
7.20605e+06
7.20548e+06
7.2049e+06
7.20433e+06
7.20375e+06
7.20318e+06
7.2026e+06
7.20202e+06
7.20145e+06
7.20087e+06
7.20029e+06
7.2296e+06
7.2296e+06
7.2296e+06
7.2296e+06
7.2296e+06
7.2296e+06
7.22768e+06
7.22699e+06
7.22691e+06
7.22683e+06
7.22675e+06
7.22667e+06
7.22658e+06
7.2265e+06
7.22642e+06
7.22633e+06
7.22624e+06
7.22612e+06
7.22597e+06
7.2258e+06
7.22561e+06
7.22541e+06
7.22519e+06
7.22496e+06
7.22472e+06
7.22446e+06
7.22419e+06
7.22391e+06
7.2236e+06
7.22329e+06
7.22295e+06
7.2226e+06
7.22222e+06
7.22183e+06
7.22143e+06
7.22101e+06
7.22058e+06
7.22014e+06
7.2197e+06
7.21924e+06
7.21878e+06
7.2183e+06
7.21783e+06
7.21734e+06
7.21685e+06
7.21635e+06
7.21585e+06
7.21534e+06
7.21482e+06
7.2143e+06
7.21378e+06
7.21325e+06
7.21271e+06
7.21217e+06
7.21163e+06
7.21109e+06
7.21054e+06
7.20999e+06
7.20943e+06
7.20887e+06
7.20831e+06
7.20775e+06
7.20718e+06
7.20662e+06
7.20605e+06
7.20548e+06
7.2049e+06
7.20433e+06
7.20375e+06
7.20318e+06
7.2026e+06
7.20202e+06
7.20145e+06
7.20087e+06
7.20029e+06
7.2296e+06
7.2296e+06
7.2296e+06
7.2296e+06
7.2296e+06
7.2296e+06
7.22768e+06
7.22699e+06
7.22691e+06
7.22683e+06
7.22675e+06
7.22667e+06
7.22658e+06
7.2265e+06
7.22642e+06
7.22633e+06
7.22624e+06
7.22612e+06
7.22597e+06
7.2258e+06
7.22561e+06
7.22541e+06
7.22519e+06
7.22496e+06
7.22472e+06
7.22446e+06
7.22419e+06
7.22391e+06
7.2236e+06
7.22329e+06
7.22295e+06
7.2226e+06
7.22222e+06
7.22183e+06
7.22143e+06
7.22101e+06
7.22058e+06
7.22014e+06
7.2197e+06
7.21924e+06
7.21878e+06
7.2183e+06
7.21783e+06
7.21734e+06
7.21685e+06
7.21635e+06
7.21585e+06
7.21534e+06
7.21482e+06
7.2143e+06
7.21378e+06
7.21325e+06
7.21271e+06
7.21217e+06
7.21163e+06
7.21109e+06
7.21054e+06
7.20999e+06
7.20943e+06
7.20887e+06
7.20831e+06
7.20775e+06
7.20718e+06
7.20662e+06
7.20605e+06
7.20548e+06
7.2049e+06
7.20433e+06
7.20375e+06
7.20318e+06
7.2026e+06
7.20202e+06
7.20145e+06
7.20087e+06
7.20029e+06
)
;
    }
}


// ************************************************************************* //
