/*--------------------------------*- C++ -*----------------------------------*\
| =========                 |                                                 |
| \\      /  F ield         | OpenFOAM: The Open Source CFD Toolbox           |
|  \\    /   O peration     | Version:  2406                                  |
|   \\  /    A nd           | Website:  www.openfoam.com                      |
|    \\/     M anipulation  |                                                 |
\*---------------------------------------------------------------------------*/
FoamFile
{
    version     2.0;
    format      ascii;
    arch        "LSB;label=32;scalar=64";
    class       volTensorField;
    location    "30/fluidRegion";
    object      KdTotU;
}
// * * * * * * * * * * * * * * * * * * * * * * * * * * * * * * * * * * * * * //

dimensions      [1 -2 -2 0 0 0 0];

internalField   nonuniform List<tensor> 
75
(
(539.428 0 0 0 539.428 0 0 0 539.428)
(539.428 0 0 0 539.428 0 0 0 539.428)
(539.428 0 0 0 539.428 0 0 0 539.428)
(539.428 0 0 0 539.428 0 0 0 539.428)
(539.428 0 0 0 539.428 0 0 0 539.428)
(539.278 0 0 0 539.278 0 0 0 539.278)
(539.095 0 0 0 539.095 0 0 0 539.095)
(538.881 0 0 0 538.881 0 0 0 538.881)
(538.644 0 0 0 538.644 0 0 0 538.644)
(538.398 0 0 0 538.398 0 0 0 538.398)
(538.157 0 0 0 538.157 0 0 0 538.157)
(537.939 0 0 0 537.939 0 0 0 537.939)
(576.824 0 0 0 576.824 0 0 0 576.824)
(642.642 0 0 0 642.642 0 0 0 642.642)
(727.351 0 0 0 727.351 0 0 0 727.351)
(830.567 0 0 0 830.567 0 0 0 830.567)
(952.47 0 0 0 952.47 0 0 0 952.47)
(1094.41 0 0 0 1094.41 0 0 0 1094.41)
(1257.66 0 0 0 1257.66 0 0 0 1257.66)
(1442.23 0 0 0 1442.23 0 0 0 1442.23)
(1644.19 0 0 0 1644.19 0 0 0 1644.19)
(1872.93 0 0 0 1872.93 0 0 0 1872.93)
(2133.01 0 0 0 2133.01 0 0 0 2133.01)
(2403.42 0 0 0 2403.42 0 0 0 2403.42)
(2668.17 0 0 0 2668.17 0 0 0 2668.17)
(2923.55 0 0 0 2923.55 0 0 0 2923.55)
(3168.8 0 0 0 3168.8 0 0 0 3168.8)
(3403.84 0 0 0 3403.84 0 0 0 3403.84)
(3628.85 0 0 0 3628.85 0 0 0 3628.85)
(3843.59 0 0 0 3843.59 0 0 0 3843.59)
(4047.02 0 0 0 4047.02 0 0 0 4047.02)
(4239.16 0 0 0 4239.16 0 0 0 4239.16)
(4420.82 0 0 0 4420.82 0 0 0 4420.82)
(4592.7 0 0 0 4592.7 0 0 0 4592.7)
(4755.47 0 0 0 4755.47 0 0 0 4755.47)
(4909.69 0 0 0 4909.69 0 0 0 4909.69)
(5055.91 0 0 0 5055.91 0 0 0 5055.91)
(5194.59 0 0 0 5194.59 0 0 0 5194.59)
(5326.19 0 0 0 5326.19 0 0 0 5326.19)
(5451.1 0 0 0 5451.1 0 0 0 5451.1)
(5569.69 0 0 0 5569.69 0 0 0 5569.69)
(5682.32 0 0 0 5682.32 0 0 0 5682.32)
(5789.3 0 0 0 5789.3 0 0 0 5789.3)
(5890.92 0 0 0 5890.92 0 0 0 5890.92)
(5987.45 0 0 0 5987.45 0 0 0 5987.45)
(6079.14 0 0 0 6079.14 0 0 0 6079.14)
(6166.32 0 0 0 6166.32 0 0 0 6166.32)
(6249.23 0 0 0 6249.23 0 0 0 6249.23)
(6328.08 0 0 0 6328.08 0 0 0 6328.08)
(6403.05 0 0 0 6403.05 0 0 0 6403.05)
(6474.32 0 0 0 6474.32 0 0 0 6474.32)
(6542.04 0 0 0 6542.04 0 0 0 6542.04)
(6606.36 0 0 0 6606.36 0 0 0 6606.36)
(6667.42 0 0 0 6667.42 0 0 0 6667.42)
(6725.34 0 0 0 6725.34 0 0 0 6725.34)
(6780.25 0 0 0 6780.25 0 0 0 6780.25)
(6832.26 0 0 0 6832.26 0 0 0 6832.26)
(6881.48 0 0 0 6881.48 0 0 0 6881.48)
(6928 0 0 0 6928 0 0 0 6928)
(6971.91 0 0 0 6971.91 0 0 0 6971.91)
(7013.3 0 0 0 7013.3 0 0 0 7013.3)
(7052.25 0 0 0 7052.25 0 0 0 7052.25)
(7088.83 0 0 0 7088.83 0 0 0 7088.83)
(7123.12 0 0 0 7123.12 0 0 0 7123.12)
(7155.18 0 0 0 7155.18 0 0 0 7155.18)
(7185.07 0 0 0 7185.07 0 0 0 7185.07)
(7212.85 0 0 0 7212.85 0 0 0 7212.85)
(7238.58 0 0 0 7238.58 0 0 0 7238.58)
(7262.31 0 0 0 7262.31 0 0 0 7262.31)
(7284.08 0 0 0 7284.08 0 0 0 7284.08)
(7303.96 0 0 0 7303.96 0 0 0 7303.96)
(7321.99 0 0 0 7321.99 0 0 0 7321.99)
(7338.22 0 0 0 7338.22 0 0 0 7338.22)
(7352.68 0 0 0 7352.68 0 0 0 7352.68)
(7365.56 0 0 0 7365.56 0 0 0 7365.56)
)
;

boundaryField
{
    inlet
    {
        type            zeroGradient;
    }
    outlet
    {
        type            zeroGradient;
    }
    fixedWalls
    {
        type            zeroGradient;
    }
}


// ************************************************************************* //
