/*--------------------------------*- C++ -*----------------------------------*\
| =========                 |                                                 |
| \\      /  F ield         | OpenFOAM: The Open Source CFD Toolbox           |
|  \\    /   O peration     | Version:  2406                                  |
|   \\  /    A nd           | Website:  www.openfoam.com                      |
|    \\/     M anipulation  |                                                 |
\*---------------------------------------------------------------------------*/
FoamFile
{
    version     2.0;
    format      ascii;
    arch        "LSB;label=32;scalar=64";
    class       volScalarField;
    location    "30/fluidRegion";
    object      p;
}
// * * * * * * * * * * * * * * * * * * * * * * * * * * * * * * * * * * * * * //

dimensions      [1 -1 -2 0 0 0 0];

internalField   nonuniform List<scalar> 
75
(
7.21569e+06
7.21567e+06
7.21565e+06
7.21563e+06
7.21561e+06
7.21558e+06
7.21556e+06
7.21554e+06
7.21551e+06
7.21549e+06
7.21546e+06
7.21544e+06
7.21541e+06
7.21538e+06
7.21533e+06
7.21528e+06
7.21521e+06
7.21514e+06
7.21506e+06
7.21496e+06
7.21485e+06
7.21473e+06
7.2146e+06
7.21444e+06
7.21428e+06
7.2141e+06
7.21392e+06
7.21372e+06
7.21352e+06
7.21332e+06
7.2131e+06
7.21288e+06
7.21265e+06
7.21242e+06
7.21218e+06
7.21193e+06
7.21169e+06
7.21143e+06
7.21117e+06
7.21091e+06
7.21064e+06
7.21037e+06
7.2101e+06
7.20982e+06
7.20954e+06
7.20925e+06
7.20896e+06
7.20867e+06
7.20838e+06
7.20808e+06
7.20779e+06
7.20748e+06
7.20718e+06
7.20688e+06
7.20657e+06
7.20626e+06
7.20595e+06
7.20564e+06
7.20532e+06
7.20501e+06
7.20469e+06
7.20437e+06
7.20405e+06
7.20373e+06
7.20341e+06
7.20309e+06
7.20277e+06
7.20244e+06
7.20212e+06
7.20179e+06
7.20147e+06
7.20114e+06
7.20082e+06
7.20049e+06
7.20016e+06
)
;

boundaryField
{
    inlet
    {
        type            calculated;
        value           uniform 7.2157e+06;
    }
    outlet
    {
        type            calculated;
        value           uniform 7.2e+06;
    }
    fixedWalls
    {
        type            calculated;
        value           nonuniform List<scalar> 
300
(
7.21569e+06
7.21567e+06
7.21565e+06
7.21563e+06
7.21561e+06
7.21558e+06
7.21556e+06
7.21554e+06
7.21551e+06
7.21549e+06
7.21546e+06
7.21544e+06
7.21541e+06
7.21538e+06
7.21533e+06
7.21528e+06
7.21521e+06
7.21514e+06
7.21506e+06
7.21496e+06
7.21485e+06
7.21473e+06
7.2146e+06
7.21444e+06
7.21428e+06
7.2141e+06
7.21392e+06
7.21372e+06
7.21352e+06
7.21332e+06
7.2131e+06
7.21288e+06
7.21265e+06
7.21242e+06
7.21218e+06
7.21193e+06
7.21169e+06
7.21143e+06
7.21117e+06
7.21091e+06
7.21064e+06
7.21037e+06
7.2101e+06
7.20982e+06
7.20954e+06
7.20925e+06
7.20896e+06
7.20867e+06
7.20838e+06
7.20808e+06
7.20779e+06
7.20748e+06
7.20718e+06
7.20688e+06
7.20657e+06
7.20626e+06
7.20595e+06
7.20564e+06
7.20532e+06
7.20501e+06
7.20469e+06
7.20437e+06
7.20405e+06
7.20373e+06
7.20341e+06
7.20309e+06
7.20277e+06
7.20244e+06
7.20212e+06
7.20179e+06
7.20147e+06
7.20114e+06
7.20082e+06
7.20049e+06
7.20016e+06
7.21569e+06
7.21567e+06
7.21565e+06
7.21563e+06
7.21561e+06
7.21558e+06
7.21556e+06
7.21554e+06
7.21551e+06
7.21549e+06
7.21546e+06
7.21544e+06
7.21541e+06
7.21538e+06
7.21533e+06
7.21528e+06
7.21521e+06
7.21514e+06
7.21506e+06
7.21496e+06
7.21485e+06
7.21473e+06
7.2146e+06
7.21444e+06
7.21428e+06
7.2141e+06
7.21392e+06
7.21372e+06
7.21352e+06
7.21332e+06
7.2131e+06
7.21288e+06
7.21265e+06
7.21242e+06
7.21218e+06
7.21193e+06
7.21169e+06
7.21143e+06
7.21117e+06
7.21091e+06
7.21064e+06
7.21037e+06
7.2101e+06
7.20982e+06
7.20954e+06
7.20925e+06
7.20896e+06
7.20867e+06
7.20838e+06
7.20808e+06
7.20779e+06
7.20748e+06
7.20718e+06
7.20688e+06
7.20657e+06
7.20626e+06
7.20595e+06
7.20564e+06
7.20532e+06
7.20501e+06
7.20469e+06
7.20437e+06
7.20405e+06
7.20373e+06
7.20341e+06
7.20309e+06
7.20277e+06
7.20244e+06
7.20212e+06
7.20179e+06
7.20147e+06
7.20114e+06
7.20082e+06
7.20049e+06
7.20016e+06
7.21569e+06
7.21567e+06
7.21565e+06
7.21563e+06
7.21561e+06
7.21558e+06
7.21556e+06
7.21554e+06
7.21551e+06
7.21549e+06
7.21546e+06
7.21544e+06
7.21541e+06
7.21538e+06
7.21533e+06
7.21528e+06
7.21521e+06
7.21514e+06
7.21506e+06
7.21496e+06
7.21485e+06
7.21473e+06
7.2146e+06
7.21444e+06
7.21428e+06
7.2141e+06
7.21392e+06
7.21372e+06
7.21352e+06
7.21332e+06
7.2131e+06
7.21288e+06
7.21265e+06
7.21242e+06
7.21218e+06
7.21193e+06
7.21169e+06
7.21143e+06
7.21117e+06
7.21091e+06
7.21064e+06
7.21037e+06
7.2101e+06
7.20982e+06
7.20954e+06
7.20925e+06
7.20896e+06
7.20867e+06
7.20838e+06
7.20808e+06
7.20779e+06
7.20748e+06
7.20718e+06
7.20688e+06
7.20657e+06
7.20626e+06
7.20595e+06
7.20564e+06
7.20532e+06
7.20501e+06
7.20469e+06
7.20437e+06
7.20405e+06
7.20373e+06
7.20341e+06
7.20309e+06
7.20277e+06
7.20244e+06
7.20212e+06
7.20179e+06
7.20147e+06
7.20114e+06
7.20082e+06
7.20049e+06
7.20016e+06
7.21569e+06
7.21567e+06
7.21565e+06
7.21563e+06
7.21561e+06
7.21558e+06
7.21556e+06
7.21554e+06
7.21551e+06
7.21549e+06
7.21546e+06
7.21544e+06
7.21541e+06
7.21538e+06
7.21533e+06
7.21528e+06
7.21521e+06
7.21514e+06
7.21506e+06
7.21496e+06
7.21485e+06
7.21473e+06
7.2146e+06
7.21444e+06
7.21428e+06
7.2141e+06
7.21392e+06
7.21372e+06
7.21352e+06
7.21332e+06
7.2131e+06
7.21288e+06
7.21265e+06
7.21242e+06
7.21218e+06
7.21193e+06
7.21169e+06
7.21143e+06
7.21117e+06
7.21091e+06
7.21064e+06
7.21037e+06
7.2101e+06
7.20982e+06
7.20954e+06
7.20925e+06
7.20896e+06
7.20867e+06
7.20838e+06
7.20808e+06
7.20779e+06
7.20748e+06
7.20718e+06
7.20688e+06
7.20657e+06
7.20626e+06
7.20595e+06
7.20564e+06
7.20532e+06
7.20501e+06
7.20469e+06
7.20437e+06
7.20405e+06
7.20373e+06
7.20341e+06
7.20309e+06
7.20277e+06
7.20244e+06
7.20212e+06
7.20179e+06
7.20147e+06
7.20114e+06
7.20082e+06
7.20049e+06
7.20016e+06
)
;
    }
}


// ************************************************************************* //
