/*--------------------------------*- C++ -*----------------------------------*\
| =========                 |                                                 |
| \\      /  F ield         | OpenFOAM: The Open Source CFD Toolbox           |
|  \\    /   O peration     | Version:  2406                                  |
|   \\  /    A nd           | Website:  www.openfoam.com                      |
|    \\/     M anipulation  |                                                 |
\*---------------------------------------------------------------------------*/
FoamFile
{
    version     2.0;
    format      ascii;
    arch        "LSB;label=32;scalar=64";
    class       volTensorField;
    location    "30/fluidRegion";
    object      KdTotU;
}
// * * * * * * * * * * * * * * * * * * * * * * * * * * * * * * * * * * * * * //

dimensions      [1 -2 -2 0 0 0 0];

internalField   nonuniform List<tensor> 
75
(
(539.428 0 0 0 539.428 0 0 0 539.428)
(539.428 0 0 0 539.428 0 0 0 539.428)
(539.428 0 0 0 539.428 0 0 0 539.428)
(539.428 0 0 0 539.428 0 0 0 539.428)
(539.428 0 0 0 539.428 0 0 0 539.428)
(538.858 0 0 0 538.858 0 0 0 538.858)
(570.084 0 0 0 570.084 0 0 0 570.084)
(705.132 0 0 0 705.132 0 0 0 705.132)
(921.976 0 0 0 921.976 0 0 0 921.976)
(1202.69 0 0 0 1202.69 0 0 0 1202.69)
(1553.76 0 0 0 1553.76 0 0 0 1553.76)
(2088.62 0 0 0 2088.62 0 0 0 2088.62)
(2738.47 0 0 0 2738.47 0 0 0 2738.47)
(3386.7 0 0 0 3386.7 0 0 0 3386.7)
(4005.49 0 0 0 4005.49 0 0 0 4005.49)
(4593.61 0 0 0 4593.61 0 0 0 4593.61)
(5152.67 0 0 0 5152.67 0 0 0 5152.67)
(5684.94 0 0 0 5684.94 0 0 0 5684.94)
(6192.52 0 0 0 6192.52 0 0 0 6192.52)
(6676.93 0 0 0 6676.93 0 0 0 6676.93)
(7139.51 0 0 0 7139.51 0 0 0 7139.51)
(7581.59 0 0 0 7581.59 0 0 0 7581.59)
(8004.33 0 0 0 8004.33 0 0 0 8004.33)
(8492.31 0 0 0 8492.31 0 0 0 8492.31)
(9123.48 0 0 0 9123.48 0 0 0 9123.48)
(9726.8 0 0 0 9726.8 0 0 0 9726.8)
(10304.6 0 0 0 10304.6 0 0 0 10304.6)
(10859.9 0 0 0 10859.9 0 0 0 10859.9)
(11394.3 0 0 0 11394.3 0 0 0 11394.3)
(11909 0 0 0 11909 0 0 0 11909)
(12404.9 0 0 0 12404.9 0 0 0 12404.9)
(12882.5 0 0 0 12882.5 0 0 0 12882.5)
(13342.8 0 0 0 13342.8 0 0 0 13342.8)
(13786.3 0 0 0 13786.3 0 0 0 13786.3)
(14213.6 0 0 0 14213.6 0 0 0 14213.6)
(14625.1 0 0 0 14625.1 0 0 0 14625.1)
(15021.2 0 0 0 15021.2 0 0 0 15021.2)
(15402.5 0 0 0 15402.5 0 0 0 15402.5)
(15769.2 0 0 0 15769.2 0 0 0 15769.2)
(16121.8 0 0 0 16121.8 0 0 0 16121.8)
(16460.7 0 0 0 16460.7 0 0 0 16460.7)
(16786.3 0 0 0 16786.3 0 0 0 16786.3)
(17098.9 0 0 0 17098.9 0 0 0 17098.9)
(17398.8 0 0 0 17398.8 0 0 0 17398.8)
(17686.6 0 0 0 17686.6 0 0 0 17686.6)
(17962.4 0 0 0 17962.4 0 0 0 17962.4)
(18226.7 0 0 0 18226.7 0 0 0 18226.7)
(18479.7 0 0 0 18479.7 0 0 0 18479.7)
(18721.8 0 0 0 18721.8 0 0 0 18721.8)
(18953.3 0 0 0 18953.3 0 0 0 18953.3)
(19174.4 0 0 0 19174.4 0 0 0 19174.4)
(19385.4 0 0 0 19385.4 0 0 0 19385.4)
(19586.7 0 0 0 19586.7 0 0 0 19586.7)
(19778.3 0 0 0 19778.3 0 0 0 19778.3)
(19960.7 0 0 0 19960.7 0 0 0 19960.7)
(20133.9 0 0 0 20133.9 0 0 0 20133.9)
(20298.3 0 0 0 20298.3 0 0 0 20298.3)
(20454.1 0 0 0 20454.1 0 0 0 20454.1)
(20601.4 0 0 0 20601.4 0 0 0 20601.4)
(20740.5 0 0 0 20740.5 0 0 0 20740.5)
(20871.5 0 0 0 20871.5 0 0 0 20871.5)
(20994.7 0 0 0 20994.7 0 0 0 20994.7)
(21110 0 0 0 21110 0 0 0 21110)
(21217.8 0 0 0 21217.8 0 0 0 21217.8)
(21318.2 0 0 0 21318.2 0 0 0 21318.2)
(21411.1 0 0 0 21411.1 0 0 0 21411.1)
(21496.8 0 0 0 21496.8 0 0 0 21496.8)
(21575.3 0 0 0 21575.3 0 0 0 21575.3)
(21646.8 0 0 0 21646.8 0 0 0 21646.8)
(21711.1 0 0 0 21711.1 0 0 0 21711.1)
(21768.5 0 0 0 21768.5 0 0 0 21768.5)
(21818.6 0 0 0 21818.6 0 0 0 21818.6)
(21863.9 0 0 0 21863.9 0 0 0 21863.9)
(21896.8 0 0 0 21896.8 0 0 0 21896.8)
(21939.4 0 0 0 21939.4 0 0 0 21939.4)
)
;

boundaryField
{
    inlet
    {
        type            zeroGradient;
    }
    outlet
    {
        type            zeroGradient;
    }
    fixedWalls
    {
        type            zeroGradient;
    }
}


// ************************************************************************* //
