/*--------------------------------*- C++ -*----------------------------------*\
| =========                 |                                                 |
| \\      /  F ield         | OpenFOAM: The Open Source CFD Toolbox           |
|  \\    /   O peration     | Version:  2406                                  |
|   \\  /    A nd           | Website:  www.openfoam.com                      |
|    \\/     M anipulation  |                                                 |
\*---------------------------------------------------------------------------*/
FoamFile
{
    version     2.0;
    format      ascii;
    arch        "LSB;label=32;scalar=64";
    class       volScalarField;
    location    "30/fluidRegion";
    object      p;
}
// * * * * * * * * * * * * * * * * * * * * * * * * * * * * * * * * * * * * * //

dimensions      [1 -1 -2 0 0 0 0];

internalField   nonuniform List<scalar> 
75
(
7.24768e+06
7.24766e+06
7.24764e+06
7.24762e+06
7.2476e+06
7.24757e+06
7.24755e+06
7.24751e+06
7.24745e+06
7.24735e+06
7.24723e+06
7.24707e+06
7.24685e+06
7.24659e+06
7.24629e+06
7.24598e+06
7.24564e+06
7.24529e+06
7.24491e+06
7.24452e+06
7.24411e+06
7.24368e+06
7.24323e+06
7.24277e+06
7.24228e+06
7.24178e+06
7.24124e+06
7.24069e+06
7.24011e+06
7.23951e+06
7.23889e+06
7.23826e+06
7.2376e+06
7.23692e+06
7.23623e+06
7.23552e+06
7.23479e+06
7.23405e+06
7.23329e+06
7.23252e+06
7.23173e+06
7.23094e+06
7.23013e+06
7.2293e+06
7.22847e+06
7.22763e+06
7.22677e+06
7.22591e+06
7.22504e+06
7.22416e+06
7.22327e+06
7.22237e+06
7.22147e+06
7.22056e+06
7.21964e+06
7.21872e+06
7.21779e+06
7.21685e+06
7.21591e+06
7.21497e+06
7.21402e+06
7.21307e+06
7.21212e+06
7.21116e+06
7.2102e+06
7.20923e+06
7.20826e+06
7.2073e+06
7.20633e+06
7.20536e+06
7.20438e+06
7.20341e+06
7.20244e+06
7.20146e+06
7.20049e+06
)
;

boundaryField
{
    inlet
    {
        type            calculated;
        value           uniform 7.24769e+06;
    }
    outlet
    {
        type            calculated;
        value           uniform 7.2e+06;
    }
    fixedWalls
    {
        type            calculated;
        value           nonuniform List<scalar> 
300
(
7.24768e+06
7.24766e+06
7.24764e+06
7.24762e+06
7.2476e+06
7.24757e+06
7.24755e+06
7.24751e+06
7.24745e+06
7.24735e+06
7.24723e+06
7.24707e+06
7.24685e+06
7.24659e+06
7.24629e+06
7.24598e+06
7.24564e+06
7.24529e+06
7.24491e+06
7.24452e+06
7.24411e+06
7.24368e+06
7.24323e+06
7.24277e+06
7.24228e+06
7.24178e+06
7.24124e+06
7.24069e+06
7.24011e+06
7.23951e+06
7.23889e+06
7.23826e+06
7.2376e+06
7.23692e+06
7.23623e+06
7.23552e+06
7.23479e+06
7.23405e+06
7.23329e+06
7.23252e+06
7.23173e+06
7.23094e+06
7.23013e+06
7.2293e+06
7.22847e+06
7.22763e+06
7.22677e+06
7.22591e+06
7.22504e+06
7.22416e+06
7.22327e+06
7.22237e+06
7.22147e+06
7.22056e+06
7.21964e+06
7.21872e+06
7.21779e+06
7.21685e+06
7.21591e+06
7.21497e+06
7.21402e+06
7.21307e+06
7.21212e+06
7.21116e+06
7.2102e+06
7.20923e+06
7.20826e+06
7.2073e+06
7.20633e+06
7.20536e+06
7.20438e+06
7.20341e+06
7.20244e+06
7.20146e+06
7.20049e+06
7.24768e+06
7.24766e+06
7.24764e+06
7.24762e+06
7.2476e+06
7.24757e+06
7.24755e+06
7.24751e+06
7.24745e+06
7.24735e+06
7.24723e+06
7.24707e+06
7.24685e+06
7.24659e+06
7.24629e+06
7.24598e+06
7.24564e+06
7.24529e+06
7.24491e+06
7.24452e+06
7.24411e+06
7.24368e+06
7.24323e+06
7.24277e+06
7.24228e+06
7.24178e+06
7.24124e+06
7.24069e+06
7.24011e+06
7.23951e+06
7.23889e+06
7.23826e+06
7.2376e+06
7.23692e+06
7.23623e+06
7.23552e+06
7.23479e+06
7.23405e+06
7.23329e+06
7.23252e+06
7.23173e+06
7.23094e+06
7.23013e+06
7.2293e+06
7.22847e+06
7.22763e+06
7.22677e+06
7.22591e+06
7.22504e+06
7.22416e+06
7.22327e+06
7.22237e+06
7.22147e+06
7.22056e+06
7.21964e+06
7.21872e+06
7.21779e+06
7.21685e+06
7.21591e+06
7.21497e+06
7.21402e+06
7.21307e+06
7.21212e+06
7.21116e+06
7.2102e+06
7.20923e+06
7.20826e+06
7.2073e+06
7.20633e+06
7.20536e+06
7.20438e+06
7.20341e+06
7.20244e+06
7.20146e+06
7.20049e+06
7.24768e+06
7.24766e+06
7.24764e+06
7.24762e+06
7.2476e+06
7.24757e+06
7.24755e+06
7.24751e+06
7.24745e+06
7.24735e+06
7.24723e+06
7.24707e+06
7.24685e+06
7.24659e+06
7.24629e+06
7.24598e+06
7.24564e+06
7.24529e+06
7.24491e+06
7.24452e+06
7.24411e+06
7.24368e+06
7.24323e+06
7.24277e+06
7.24228e+06
7.24178e+06
7.24124e+06
7.24069e+06
7.24011e+06
7.23951e+06
7.23889e+06
7.23826e+06
7.2376e+06
7.23692e+06
7.23623e+06
7.23552e+06
7.23479e+06
7.23405e+06
7.23329e+06
7.23252e+06
7.23173e+06
7.23094e+06
7.23013e+06
7.2293e+06
7.22847e+06
7.22763e+06
7.22677e+06
7.22591e+06
7.22504e+06
7.22416e+06
7.22327e+06
7.22237e+06
7.22147e+06
7.22056e+06
7.21964e+06
7.21872e+06
7.21779e+06
7.21685e+06
7.21591e+06
7.21497e+06
7.21402e+06
7.21307e+06
7.21212e+06
7.21116e+06
7.2102e+06
7.20923e+06
7.20826e+06
7.2073e+06
7.20633e+06
7.20536e+06
7.20438e+06
7.20341e+06
7.20244e+06
7.20146e+06
7.20049e+06
7.24768e+06
7.24766e+06
7.24764e+06
7.24762e+06
7.2476e+06
7.24757e+06
7.24755e+06
7.24751e+06
7.24745e+06
7.24735e+06
7.24723e+06
7.24707e+06
7.24685e+06
7.24659e+06
7.24629e+06
7.24598e+06
7.24564e+06
7.24529e+06
7.24491e+06
7.24452e+06
7.24411e+06
7.24368e+06
7.24323e+06
7.24277e+06
7.24228e+06
7.24178e+06
7.24124e+06
7.24069e+06
7.24011e+06
7.23951e+06
7.23889e+06
7.23826e+06
7.2376e+06
7.23692e+06
7.23623e+06
7.23552e+06
7.23479e+06
7.23405e+06
7.23329e+06
7.23252e+06
7.23173e+06
7.23094e+06
7.23013e+06
7.2293e+06
7.22847e+06
7.22763e+06
7.22677e+06
7.22591e+06
7.22504e+06
7.22416e+06
7.22327e+06
7.22237e+06
7.22147e+06
7.22056e+06
7.21964e+06
7.21872e+06
7.21779e+06
7.21685e+06
7.21591e+06
7.21497e+06
7.21402e+06
7.21307e+06
7.21212e+06
7.21116e+06
7.2102e+06
7.20923e+06
7.20826e+06
7.2073e+06
7.20633e+06
7.20536e+06
7.20438e+06
7.20341e+06
7.20244e+06
7.20146e+06
7.20049e+06
)
;
    }
}


// ************************************************************************* //
