/*--------------------------------*- C++ -*----------------------------------*\
| =========                 |                                                 |
| \\      /  F ield         | OpenFOAM: The Open Source CFD Toolbox           |
|  \\    /   O peration     | Version:  2406                                  |
|   \\  /    A nd           | Website:  www.openfoam.com                      |
|    \\/     M anipulation  |                                                 |
\*---------------------------------------------------------------------------*/
FoamFile
{
    version     2.0;
    format      ascii;
    arch        "LSB;label=32;scalar=64";
    class       volScalarField;
    location    "30/fluidRegion";
    object      p_rgh;
}
// * * * * * * * * * * * * * * * * * * * * * * * * * * * * * * * * * * * * * //

dimensions      [1 -1 -2 0 0 0 0];

internalField   nonuniform List<scalar> 
75
(
7.24768e+06
7.24766e+06
7.24764e+06
7.24762e+06
7.2476e+06
7.24757e+06
7.24755e+06
7.24751e+06
7.24745e+06
7.24735e+06
7.24723e+06
7.24707e+06
7.24685e+06
7.24659e+06
7.24629e+06
7.24598e+06
7.24564e+06
7.24529e+06
7.24491e+06
7.24452e+06
7.24411e+06
7.24368e+06
7.24323e+06
7.24277e+06
7.24228e+06
7.24178e+06
7.24124e+06
7.24069e+06
7.24011e+06
7.23951e+06
7.23889e+06
7.23826e+06
7.2376e+06
7.23692e+06
7.23623e+06
7.23552e+06
7.23479e+06
7.23405e+06
7.23329e+06
7.23252e+06
7.23173e+06
7.23094e+06
7.23013e+06
7.2293e+06
7.22847e+06
7.22763e+06
7.22677e+06
7.22591e+06
7.22504e+06
7.22416e+06
7.22327e+06
7.22237e+06
7.22147e+06
7.22056e+06
7.21964e+06
7.21872e+06
7.21779e+06
7.21685e+06
7.21591e+06
7.21497e+06
7.21402e+06
7.21307e+06
7.21212e+06
7.21116e+06
7.2102e+06
7.20923e+06
7.20826e+06
7.2073e+06
7.20633e+06
7.20536e+06
7.20438e+06
7.20341e+06
7.20244e+06
7.20146e+06
7.20049e+06
)
;

boundaryField
{
    inlet
    {
        type            fixedFluxPressure;
        gradient        uniform 1068.01;
        value           uniform 7.24769e+06;
    }
    outlet
    {
        type            fixedValue;
        value           uniform 7.2e+06;
    }
    fixedWalls
    {
        type            fixedFluxPressure;
        gradient        nonuniform List<scalar> 
300
(
0
0
0
0
0
0
0
0
0
0
0
0
0
0
3.63177e-16
-2.39984e-17
-3.177e-16
0
0
0
0
3.4279e-16
-1.86037e-17
-3.30107e-16
0
0
0
0
0
0
0
0
0
0
0
0
0
0
0
0
0
0
0
0
0
-6.92453e-16
8.11313e-18
6.89988e-16
0
0
0
0
-6.94509e-16
-1.53697e-21
6.88921e-16
0
0
0
0
0
-6.91877e-16
3.98693e-18
6.90981e-16
0
0
0
0
-6.89307e-16
1.98591e-18
6.88838e-16
0
0
0
0
0
0
0
0
0
0
0
0
0
0
0
0
0
0
0
-3.63177e-16
2.39984e-17
3.177e-16
0
0
0
0
-3.4279e-16
1.86037e-17
3.30107e-16
0
0
0
0
0
0
0
0
0
0
0
0
0
0
0
0
0
0
0
0
0
6.92453e-16
-8.11313e-18
-6.89988e-16
0
0
0
0
6.94509e-16
1.53697e-21
-6.88921e-16
0
0
0
0
0
6.91877e-16
-3.98693e-18
-6.90981e-16
0
0
0
0
6.89307e-16
-1.98591e-18
-6.88838e-16
0
0
0
0
0
0
0
0
0
0
0
0
0
0
0
0
0
0
0
3.63177e-16
-2.39984e-17
-3.177e-16
0
0
0
0
3.4279e-16
-1.86037e-17
-3.30107e-16
0
0
0
0
0
0
0
0
0
0
0
0
0
0
0
0
0
0
0
0
0
-6.92453e-16
8.11313e-18
6.89988e-16
0
0
0
0
-6.94509e-16
-1.53697e-21
6.88921e-16
0
0
0
0
0
-6.91877e-16
3.98693e-18
6.90981e-16
0
0
0
0
-6.89307e-16
1.98591e-18
6.88838e-16
0
0
0
0
0
0
0
0
0
0
0
0
0
0
0
0
0
0
0
-3.63177e-16
2.39984e-17
3.177e-16
0
0
0
0
-3.4279e-16
1.86037e-17
3.30107e-16
0
0
0
0
0
0
0
0
0
0
0
0
0
0
0
0
0
0
0
0
0
6.92453e-16
-8.11313e-18
-6.89988e-16
0
0
0
0
6.94509e-16
1.53697e-21
-6.88921e-16
0
0
0
0
0
6.91877e-16
-3.98693e-18
-6.90981e-16
0
0
0
0
6.89307e-16
-1.98591e-18
-6.88838e-16
0
0
0
0
0
)
;
        value           nonuniform List<scalar> 
300
(
7.24768e+06
7.24766e+06
7.24764e+06
7.24762e+06
7.2476e+06
7.24757e+06
7.24755e+06
7.24751e+06
7.24745e+06
7.24735e+06
7.24723e+06
7.24707e+06
7.24685e+06
7.24659e+06
7.24629e+06
7.24598e+06
7.24564e+06
7.24529e+06
7.24491e+06
7.24452e+06
7.24411e+06
7.24368e+06
7.24323e+06
7.24277e+06
7.24228e+06
7.24178e+06
7.24124e+06
7.24069e+06
7.24011e+06
7.23951e+06
7.23889e+06
7.23826e+06
7.2376e+06
7.23692e+06
7.23623e+06
7.23552e+06
7.23479e+06
7.23405e+06
7.23329e+06
7.23252e+06
7.23173e+06
7.23094e+06
7.23013e+06
7.2293e+06
7.22847e+06
7.22763e+06
7.22677e+06
7.22591e+06
7.22504e+06
7.22416e+06
7.22327e+06
7.22237e+06
7.22147e+06
7.22056e+06
7.21964e+06
7.21872e+06
7.21779e+06
7.21685e+06
7.21591e+06
7.21497e+06
7.21402e+06
7.21307e+06
7.21212e+06
7.21116e+06
7.2102e+06
7.20923e+06
7.20826e+06
7.2073e+06
7.20633e+06
7.20536e+06
7.20438e+06
7.20341e+06
7.20244e+06
7.20146e+06
7.20049e+06
7.24768e+06
7.24766e+06
7.24764e+06
7.24762e+06
7.2476e+06
7.24757e+06
7.24755e+06
7.24751e+06
7.24745e+06
7.24735e+06
7.24723e+06
7.24707e+06
7.24685e+06
7.24659e+06
7.24629e+06
7.24598e+06
7.24564e+06
7.24529e+06
7.24491e+06
7.24452e+06
7.24411e+06
7.24368e+06
7.24323e+06
7.24277e+06
7.24228e+06
7.24178e+06
7.24124e+06
7.24069e+06
7.24011e+06
7.23951e+06
7.23889e+06
7.23826e+06
7.2376e+06
7.23692e+06
7.23623e+06
7.23552e+06
7.23479e+06
7.23405e+06
7.23329e+06
7.23252e+06
7.23173e+06
7.23094e+06
7.23013e+06
7.2293e+06
7.22847e+06
7.22763e+06
7.22677e+06
7.22591e+06
7.22504e+06
7.22416e+06
7.22327e+06
7.22237e+06
7.22147e+06
7.22056e+06
7.21964e+06
7.21872e+06
7.21779e+06
7.21685e+06
7.21591e+06
7.21497e+06
7.21402e+06
7.21307e+06
7.21212e+06
7.21116e+06
7.2102e+06
7.20923e+06
7.20826e+06
7.2073e+06
7.20633e+06
7.20536e+06
7.20438e+06
7.20341e+06
7.20244e+06
7.20146e+06
7.20049e+06
7.24768e+06
7.24766e+06
7.24764e+06
7.24762e+06
7.2476e+06
7.24757e+06
7.24755e+06
7.24751e+06
7.24745e+06
7.24735e+06
7.24723e+06
7.24707e+06
7.24685e+06
7.24659e+06
7.24629e+06
7.24598e+06
7.24564e+06
7.24529e+06
7.24491e+06
7.24452e+06
7.24411e+06
7.24368e+06
7.24323e+06
7.24277e+06
7.24228e+06
7.24178e+06
7.24124e+06
7.24069e+06
7.24011e+06
7.23951e+06
7.23889e+06
7.23826e+06
7.2376e+06
7.23692e+06
7.23623e+06
7.23552e+06
7.23479e+06
7.23405e+06
7.23329e+06
7.23252e+06
7.23173e+06
7.23094e+06
7.23013e+06
7.2293e+06
7.22847e+06
7.22763e+06
7.22677e+06
7.22591e+06
7.22504e+06
7.22416e+06
7.22327e+06
7.22237e+06
7.22147e+06
7.22056e+06
7.21964e+06
7.21872e+06
7.21779e+06
7.21685e+06
7.21591e+06
7.21497e+06
7.21402e+06
7.21307e+06
7.21212e+06
7.21116e+06
7.2102e+06
7.20923e+06
7.20826e+06
7.2073e+06
7.20633e+06
7.20536e+06
7.20438e+06
7.20341e+06
7.20244e+06
7.20146e+06
7.20049e+06
7.24768e+06
7.24766e+06
7.24764e+06
7.24762e+06
7.2476e+06
7.24757e+06
7.24755e+06
7.24751e+06
7.24745e+06
7.24735e+06
7.24723e+06
7.24707e+06
7.24685e+06
7.24659e+06
7.24629e+06
7.24598e+06
7.24564e+06
7.24529e+06
7.24491e+06
7.24452e+06
7.24411e+06
7.24368e+06
7.24323e+06
7.24277e+06
7.24228e+06
7.24178e+06
7.24124e+06
7.24069e+06
7.24011e+06
7.23951e+06
7.23889e+06
7.23826e+06
7.2376e+06
7.23692e+06
7.23623e+06
7.23552e+06
7.23479e+06
7.23405e+06
7.23329e+06
7.23252e+06
7.23173e+06
7.23094e+06
7.23013e+06
7.2293e+06
7.22847e+06
7.22763e+06
7.22677e+06
7.22591e+06
7.22504e+06
7.22416e+06
7.22327e+06
7.22237e+06
7.22147e+06
7.22056e+06
7.21964e+06
7.21872e+06
7.21779e+06
7.21685e+06
7.21591e+06
7.21497e+06
7.21402e+06
7.21307e+06
7.21212e+06
7.21116e+06
7.2102e+06
7.20923e+06
7.20826e+06
7.2073e+06
7.20633e+06
7.20536e+06
7.20438e+06
7.20341e+06
7.20244e+06
7.20146e+06
7.20049e+06
)
;
    }
}


// ************************************************************************* //
